  0.7500000       1.500000       2.250000    
  0.7501562       1.500000       2.250000    
  0.7506247       1.500000       2.250000    
  0.7514045       1.500000       2.250000    
  0.7524940       1.500002       2.250000    
  0.7538911       1.500004       2.250000    
  0.7555931       1.500009       2.250000    
  0.7575966       1.500018       2.250000    
  0.7598978       1.500031       2.250000    
  0.7624922       1.500051       2.250000    
  0.7653750       1.500078       2.250000    
  0.7685406       1.500114       2.250000    
  0.7719829       1.500162       2.250000    
  0.7756954       1.500223       2.250000    
  0.7796709       1.500301       2.250001    
  0.7839018       1.500396       2.250002    
  0.7883801       1.500512       2.250003    
  0.7930971       1.500651       2.250004    
  0.7980439       1.500816       2.250005    
  0.8032110       1.501011       2.250008    
  0.8085884       1.501237       2.250010    
  0.8141658       1.501498       2.250014    
  0.8199325       1.501798       2.250018    
  0.8258773       1.502139       2.250023    
  0.8319889       1.502525       2.250030    
  0.8382553       1.502959       2.250038    
  0.8446646       1.503444       2.250048    
  0.8512041       1.503984       2.250061    
  0.8578612       1.504583       2.250075    
  0.8646230       1.505243       2.250093    
  0.8714761       1.505968       2.250113    
  0.8784071       1.506762       2.250137    
  0.8854024       1.507628       2.250165    
  0.8924482       1.508569       2.250198    
  0.8995305       1.509589       2.250236    
  0.9066352       1.510690       2.250279    
  0.9137482       1.511876       2.250329    
  0.9208551       1.513149       2.250386    
  0.9279416       1.514513       2.250450    
  0.9349934       1.515971       2.250523    
  0.9419960       1.517525       2.250605    
  0.9489352       1.519177       2.250698    
  0.9557965       1.520930       2.250801    
  0.9625658       1.522786       2.250917    
  0.9692289       1.524747       2.251045    
  0.9757715       1.526814       2.251188    
  0.9821799       1.528991       2.251346    
  0.9884403       1.531276       2.251521    
  0.9945390       1.533673       2.251713    
   1.000463       1.536182       2.251924    
   1.006198       1.538803       2.252155    
   1.011732       1.541538       2.252408    
   1.017052       1.544385       2.252684    
   1.022146       1.547346       2.252984    
   1.027002       1.550419       2.253310    
   1.031607       1.553605       2.253663    
   1.035951       1.556902       2.254045    
   1.040022       1.560310       2.254458    
   1.043809       1.563826       2.254903    
   1.047303       1.567449       2.255382    
   1.050493       1.571177       2.255896    
   1.053371       1.575007       2.256447    
   1.055926       1.578938       2.257037    
   1.058151       1.582965       2.257668    
   1.060037       1.587087       2.258341    
   1.061576       1.591298       2.259057    
   1.062763       1.595596       2.259820    
   1.063589       1.599976       2.260630    
   1.064049       1.604434       2.261489    
   1.064138       1.608964       2.262399    
   1.063850       1.613563       2.263362    
   1.063182       1.618225       2.264379    
   1.062128       1.622943       2.265452    
   1.060686       1.627712       2.266582    
   1.058853       1.632527       2.267772    
   1.056627       1.637380       2.269022    
   1.054006       1.642265       2.270334    
   1.050989       1.647174       2.271710    
   1.047575       1.652102       2.273151    
   1.043765       1.657040       2.274658    
   1.039559       1.661981       2.276232    
   1.034959       1.666916       2.277875    
   1.029967       1.671839       2.279587    
   1.024584       1.676740       2.281369    
   1.018814       1.681612       2.283223    
   1.012660       1.686445       2.285149    
   1.006126       1.691232       2.287148    
  0.9992170       1.695963       2.289219    
  0.9919382       1.700629       2.291364    
  0.9842952       1.705222       2.293583    
  0.9762943       1.709731       2.295876    
  0.9679421       1.714149       2.298242    
  0.9592458       1.718465       2.300682    
  0.9502133       1.722671       2.303195    
  0.9408528       1.726757       2.305781    
  0.9311729       1.730713       2.308439    
  0.9211829       1.734531       2.311168    
  0.9108922       1.738201       2.313967    
  0.9003111       1.741713       2.316836    
  0.8894498       1.745060       2.319772    
  0.8783192       1.748230       2.322773    
  0.8669306       1.751216       2.325840    
  0.8552955       1.754009       2.328968    
  0.8434259       1.756599       2.332156    
  0.8313341       1.758978       2.335402    
  0.8190326       1.761137       2.338704    
  0.8065343       1.763069       2.342057    
  0.7938523       1.764764       2.345460    
  0.7810001       1.766216       2.348910    
  0.7679912       1.767416       2.352402    
  0.7548397       1.768357       2.355933    
  0.7415593       1.769031       2.359500    
  0.7281646       1.769433       2.363098    
  0.7146696       1.769554       2.366723    
  0.7010891       1.769390       2.370370    
  0.6874377       1.768933       2.374036    
  0.6737300       1.768179       2.377715    
  0.6599809       1.767121       2.381401    
  0.6462052       1.765755       2.385091    
  0.6324179       1.764077       2.388777    
  0.6186337       1.762081       2.392456    
  0.6048676       1.759765       2.396120    
  0.5911345       1.757125       2.399764    
  0.5774491       1.754157       2.403382    
  0.5638262       1.750859       2.406966    
  0.5502805       1.747230       2.410511    
  0.5368264       1.743267       2.414011    
  0.5234784       1.738969       2.417457    
  0.5102507       1.734336       2.420843    
  0.4971575       1.729366       2.424162    
  0.4842127       1.724060       2.427407    
  0.4714299       1.718419       2.430570    
  0.4588228       1.712443       2.433644    
  0.4464044       1.706135       2.436621    
  0.4341879       1.699495       2.439494    
  0.4221860       1.692528       2.442255    
  0.4104111       1.685234       2.444896    
  0.3988754       1.677619       2.447409    
  0.3875908       1.669685       2.449786    
  0.3765688       1.661438       2.452019    
  0.3658205       1.652881       2.454101    
  0.3553568       1.644021       2.456024    
  0.3451882       1.634863       2.457778    
  0.3353247       1.625413       2.459358    
  0.3257761       1.615677       2.460754    
  0.3165516       1.605664       2.461958    
  0.3076603       1.595380       2.462964    
  0.2991104       1.584833       2.463764    
  0.2909103       1.574032       2.464349    
  0.2830674       1.562985       2.464712    
  0.2755890       1.551702       2.464847    
  0.2684818       1.540192       2.464745    
  0.2617522       1.528465       2.464399    
  0.2554060       1.516531       2.463804    
  0.2494487       1.504400       2.462951    
  0.2438851       1.492085       2.461835    
  0.2387198       1.479595       2.460449    
  0.2339568       1.466943       2.458788    
  0.2295997       1.454140       2.456845    
  0.2256515       1.441198       2.454614    
  0.2221149       1.428130       2.452091    
  0.2189921       1.414948       2.449270    
  0.2162847       1.401664       2.446147    
  0.2139940       1.388293       2.442717    
  0.2121207       1.374847       2.438976    
  0.2106653       1.361339       2.434921    
  0.2096275       1.347783       2.430548    
  0.2090069       1.334192       2.425854    
  0.2088024       1.320581       2.420836    
  0.2090125       1.306962       2.415493    
  0.2096355       1.293350       2.409822    
  0.2106689       1.279758       2.403822    
  0.2121102       1.266200       2.397492    
  0.2139561       1.252691       2.390831    
  0.2162031       1.239244       2.383840    
  0.2188474       1.225873       2.376518    
  0.2218847       1.212591       2.368867    
  0.2253102       1.199413       2.360887    
  0.2291190       1.186353       2.352581    
  0.2333056       1.173423       2.343950    
  0.2378645       1.160637       2.334998    
  0.2427894       1.148008       2.325727    
  0.2480740       1.135549       2.316142    
  0.2537117       1.123274       2.306246    
  0.2596954       1.111195       2.296044    
  0.2660179       1.099324       2.285541    
  0.2726716       1.087674       2.274743    
  0.2796488       1.076256       2.263657    
  0.2869414       1.065083       2.252288    
  0.2945410       1.054165       2.240645    
  0.3024393       1.043515       2.228735    
  0.3106274       1.033142       2.216566    
  0.3190964       1.023057       2.204146    
  0.3278373       1.013270       2.191486    
  0.3368407       1.003792       2.178595    
  0.3460972      0.9946309       2.165483    
  0.3555972      0.9857965       2.152160    
  0.3653310      0.9772972       2.138638    
  0.3752887      0.9691415       2.124928    
  0.3854604      0.9613370       2.111043    
  0.3958361      0.9538913       2.096995    
  0.4064055      0.9468113       2.082797    
  0.4171586      0.9401037       2.068462    
  0.4280849      0.9337746       2.054003    
  0.4391743      0.9278297       2.039436    
  0.4504164      0.9222742       2.024774    
  0.4618008      0.9171130       2.010033    
  0.4733170      0.9123504       1.995227    
  0.4849548      0.9079903       1.980372    
  0.4967038      0.9040362       1.965484    
  0.5085536      0.9004911       1.950580    
  0.5204939      0.8973573       1.935675    
  0.5325144      0.8946372       1.920786    
  0.5446049      0.8923321       1.905930    
  0.5567552      0.8904433       1.891124    
  0.5689552      0.8889714       1.876386    
  0.5811950      0.8879169       1.861733    
  0.5934646      0.8872793       1.847183    
  0.6057541      0.8870582       1.832753    
  0.6180539      0.8872524       1.818462    
  0.6303543      0.8878605       1.804327    
  0.6426458      0.8888806       1.790367    
  0.6549192      0.8903103       1.776599    
  0.6671652      0.8921469       1.763042    
  0.6793746      0.8943873       1.749713    
  0.6915386      0.8970280       1.736632    
  0.7036484      0.9000651       1.723815    
  0.7156954      0.9034944       1.711282    
  0.7276711      0.9073113       1.699049    
  0.7395672      0.9115108       1.687134    
  0.7513757      0.9160877       1.675555    
  0.7630885      0.9210364       1.664329    
  0.7746980      0.9263510       1.653473    
  0.7861966      0.9320253       1.643005    
  0.7975770      0.9380530       1.632940    
  0.8088318      0.9444272       1.623296    
  0.8199542      0.9511410       1.614088    
  0.8309374      0.9581872       1.605331    
  0.8417748      0.9655585       1.597042    
  0.8524600      0.9732471       1.589236    
  0.8629867      0.9812452       1.581926    
  0.8733492      0.9895449       1.575127    
  0.8835415      0.9981380       1.568853    
  0.8935581       1.007016       1.563116    
  0.9033936       1.016171       1.557931    
  0.9130430       1.025594       1.553308    
  0.9225011       1.035277       1.549260    
  0.9317635       1.045210       1.545797    
  0.9408254       1.055385       1.542930    
  0.9496826       1.065794       1.540670    
  0.9583309       1.076426       1.539024    
  0.9667665       1.087274       1.538004    
  0.9749857       1.098329       1.537615    
  0.9829850       1.109581       1.537866    
  0.9907610       1.121021       1.538763    
  0.9983107       1.132641       1.540313    
   1.005631       1.144432       1.542520    
   1.012720       1.156385       1.545389    
   1.019574       1.168491       1.548925    
   1.026191       1.180742       1.553130    
   1.032570       1.193129       1.558007    
   1.038708       1.205644       1.563557    
   1.044603       1.218278       1.569782    
   1.050255       1.231023       1.576681    
   1.055661       1.243871       1.584253    
   1.060821       1.256814       1.592498    
   1.065733       1.269845       1.601413    
   1.070397       1.282955       1.610995    
   1.074813       1.296137       1.621240    
   1.078979       1.309385       1.632144    
   1.082895       1.322689       1.643702    
   1.086561       1.336045       1.655906    
   1.089978       1.349444       1.668751    
   1.093146       1.362881       1.682229    
   1.096065       1.376349       1.696331    
   1.098735       1.389841       1.711048    
   1.101158       1.403353       1.726370    
   1.103334       1.416877       1.742286    
   1.105264       1.430409       1.758785    
   1.106950       1.443942       1.775855    
   1.108393       1.457473       1.793483    
   1.109594       1.470995       1.811655    
   1.110555       1.484504       1.830356    
   1.111278       1.497995       1.849573    
   1.111765       1.511465       1.869290    
   1.112018       1.524908       1.889489    
   1.112039       1.538321       1.910155    
   1.111831       1.551700       1.931270    
   1.111396       1.565041       1.952816    
   1.110737       1.578341       1.974774    
   1.109857       1.591597       1.997125    
   1.108758       1.604805       2.019849    
   1.107444       1.617962       2.042927    
   1.105918       1.631065       2.066338    
   1.104184       1.644113       2.090060    
   1.102244       1.657102       2.114072    
   1.100102       1.670029       2.138353    
   1.097763       1.682893       2.162879    
   1.095230       1.695691       2.187629    
   1.092506       1.708421       2.212579    
   1.089597       1.721082       2.237706    
   1.086506       1.733670       2.262987    
   1.083238       1.746185       2.288398    
   1.079796       1.758625       2.313914    
   1.076187       1.770987       2.339512    
   1.072414       1.783270       2.365168    
   1.068482       1.795473       2.390857    
   1.064395       1.807594       2.416555    
   1.060160       1.819630       2.442237    
   1.055781       1.831581       2.467878    
   1.051264       1.843445       2.493454    
   1.046613       1.855220       2.518940    
   1.041834       1.866905       2.544313    
   1.036932       1.878497       2.569546    
   1.031913       1.889995       2.594617    
   1.026783       1.901397       2.619501    
   1.021548       1.912701       2.644173    
   1.016213       1.923906       2.668611    
   1.010783       1.935009       2.692790    
   1.005266       1.946008       2.716688    
  0.9996669       1.956900       2.740281    
  0.9939918       1.967684       2.763546    
  0.9882470       1.978357       2.786462    
  0.9824386       1.988916       2.809006    
  0.9765729       1.999359       2.831157    
  0.9706562       2.009682       2.852894    
  0.9646948       2.019883       2.874195    
  0.9586951       2.029958       2.895041    
  0.9526633       2.039905       2.915412    
  0.9466060       2.049719       2.935288    
  0.9405296       2.059397       2.954651    
  0.9344406       2.068936       2.973483    
  0.9283452       2.078331       2.991766    
  0.9222500       2.087578       3.009483    
  0.9161615       2.096673       3.026618    
  0.9100860       2.105611       3.043154    
  0.9040300       2.114389       3.059078    
  0.8979998       2.123000       3.074374    
  0.8920017       2.131440       3.089029    
  0.8860422       2.139704       3.103029    
  0.8801275       2.147787       3.116363    
  0.8742637       2.155683       3.129018    
  0.8684571       2.163386       3.140985    
  0.8627136       2.170892       3.152252    
  0.8570394       2.178192       3.162810    
  0.8514403       2.185283       3.172651    
  0.8459221       2.192157       3.181767    
  0.8404906       2.198808       3.190151    
  0.8351514       2.205230       3.197796    
  0.8299100       2.211416       3.204696    
  0.8247718       2.217359       3.210848    
  0.8197421       2.223053       3.216247    
  0.8148260       2.228491       3.220890    
  0.8100284       2.233665       3.224774    
  0.8053542       2.238569       3.227899    
  0.8008081       2.243196       3.230262    
  0.7963945       2.247538       3.231864    
  0.7921177       2.251588       3.232706    
  0.7879820       2.255339       3.232789    
  0.7839912       2.258785       3.232115    
  0.7801490       2.261916       3.230688    
  0.7764591       2.264727       3.228511    
  0.7729247       2.267211       3.225589    
  0.7695490       2.269359       3.221926    
  0.7663349       2.271165       3.217530    
  0.7632850       2.272623       3.212405    
  0.7604017       2.273724       3.206561    
  0.7576872       2.274462       3.200004    
  0.7551433       2.274831       3.192743    
  0.7527720       2.274824       3.184788    
  0.7505744       2.274434       3.176149    
  0.7485518       2.273655       3.166836    
  0.7467050       2.272481       3.156860    
  0.7450346       2.270907       3.146234    
  0.7435410       2.268925       3.134968    
  0.7422242       2.266532       3.123077    
  0.7410840       2.263721       3.110574    
  0.7401198       2.260488       3.097472    
  0.7393308       2.256827       3.083786    
  0.7387159       2.252735       3.069530    
  0.7382737       2.248207       3.054721    
  0.7380027       2.243239       3.039373    
  0.7379006       2.237828       3.023503    
  0.7379653       2.231971       3.007127    
  0.7381943       2.225664       2.990262    
  0.7385846       2.218905       2.972925    
  0.7391331       2.211693       2.955133    
  0.7398363       2.204024       2.936905    
  0.7406905       2.195899       2.918259    
  0.7416916       2.187315       2.899212    
  0.7428354       2.178272       2.879783    
  0.7441173       2.168771       2.859990    
  0.7455323       2.158811       2.839853    
  0.7470755       2.148394       2.819391    
  0.7487413       2.137520       2.798621    
  0.7505242       2.126191       2.777565    
  0.7524182       2.114409       2.756240    
  0.7544172       2.102177       2.734667    
  0.7565147       2.089498       2.712864    
  0.7587042       2.076375       2.690851    
  0.7609787       2.062812       2.668647    
  0.7633312       2.048815       2.646272    
  0.7657545       2.034387       2.623744    
  0.7682409       2.019535       2.601083    
  0.7707830       2.004264       2.578308    
  0.7733728       1.988580       2.555438    
  0.7760023       1.972492       2.532492    
  0.7786635       1.956005       2.509487    
  0.7813478       1.939128       2.486444    
  0.7840470       1.921870       2.463379    
  0.7867525       1.904239       2.440311    
  0.7894555       1.886244       2.417259    
  0.7921475       1.867896       2.394238    
  0.7948194       1.849204       2.371267    
  0.7974625       1.830179       2.348363    
  0.8000677       1.810833       2.325543    
  0.8026260       1.791176       2.302822    
  0.8051285       1.771222       2.280217    
  0.8075660       1.750981       2.257745    
  0.8099296       1.730468       2.235419    
  0.8122103       1.709695       2.213256    
  0.8143991       1.688675       2.191270    
  0.8164871       1.667423       2.169475    
  0.8184655       1.645953       2.147886    
  0.8203255       1.624279       2.126516    
  0.8220584       1.602417       2.105377    
  0.8236557       1.580381       2.084484    
  0.8251089       1.558187       2.063848    
  0.8264098       1.535851       2.043481    
  0.8275502       1.513389       2.023395    
  0.8285222       1.490817       2.003600    
  0.8293181       1.468151       1.984108    
  0.8299304       1.445409       1.964929    
  0.8303517       1.422606       1.946071    
  0.8305748       1.399761       1.927546    
  0.8305931       1.376890       1.909361    
  0.8303999       1.354010       1.891525    
  0.8299890       1.331138       1.874046    
  0.8293543       1.308293       1.856931    
  0.8284901       1.285491       1.840188    
  0.8273912       1.262750       1.823823    
  0.8260525       1.240088       1.807843    
  0.8244693       1.217522       1.792253    
  0.8226372       1.195070       1.777059    
  0.8205523       1.172748       1.762266    
  0.8182111       1.150575       1.747878    
  0.8156103       1.128567       1.733899    
  0.8127472       1.106743       1.720334    
  0.8096194       1.085117       1.707184    
  0.8062248       1.063709       1.694455    
  0.8025621       1.042534       1.682146    
  0.7986300       1.021609       1.670262    
  0.7944280       1.000950       1.658804    
  0.7899559      0.9805729       1.647773    
  0.7852138      0.9604938       1.637170    
  0.7802024      0.9407282       1.626996    
  0.7749231      0.9212912       1.617252    
  0.7693774      0.9021978       1.607936    
  0.7635673      0.8834626       1.599050    
  0.7574955      0.8650998       1.590592    
  0.7511650      0.8471233       1.582562    
  0.7445793      0.8295465       1.574958    
  0.7377424      0.8123826       1.567778    
  0.7306588      0.7956442       1.561022    
  0.7233334      0.7793437       1.554687    
  0.7157716      0.7634929       1.548771    
  0.7079792      0.7481033       1.543271    
  0.6999626      0.7331856       1.538185    
  0.6917286      0.7187504       1.533509    
  0.6832844      0.7048076       1.529240    
  0.6746377      0.6913669       1.525376    
  0.6657965      0.6784370       1.521912    
  0.6567693      0.6660265       1.518844    
  0.6475652      0.6541434       1.516170    
  0.6381935      0.6427950       1.513884    
  0.6286640      0.6319884       1.511982    
  0.6189868      0.6217298       1.510461    
  0.6091723      0.6120251       1.509315    
  0.5992316      0.6028795       1.508540    
  0.5891758      0.5942979       1.508131    
  0.5790164      0.5862843       1.508084    
  0.5687654      0.5788424       1.508392    
  0.5584350      0.5719754       1.509052    
  0.5480376      0.5656856       1.510059    
  0.5375860      0.5599753       1.511406    
  0.5270933      0.5548457       1.513089    
  0.5165726      0.5502978       1.515102    
  0.5060375      0.5463319       1.517441    
  0.4955015      0.5429480       1.520099    
  0.4849787      0.5401453       1.523072    
  0.4744830      0.5379225       1.526353    
  0.4640284      0.5362780       1.529937    
  0.4536295      0.5352095       1.533819    
  0.4433005      0.5347143       1.537994    
  0.4330559      0.5347891       1.542455    
  0.4229103      0.5354302       1.547197    
  0.4128782      0.5366335       1.552215    
  0.4029742      0.5383943       1.557503    
  0.3932130      0.5407075       1.563056    
  0.3836090      0.5435675       1.568868    
  0.3741768      0.5469686       1.574933    
  0.3649309      0.5509042       1.581247    
  0.3558855      0.5553676       1.587803    
  0.3470549      0.5603518       1.594597    
  0.3384531      0.5658491       1.601623    
  0.3300942      0.5718518       1.608875    
  0.3219919      0.5783516       1.616349    
  0.3141597      0.5853400       1.624038    
  0.3066109      0.5928081       1.631939    
  0.2993587      0.6007469       1.640045    
  0.2924157      0.6091470       1.648351    
  0.2857945      0.6179987       1.656853    
  0.2795073      0.6272921       1.665545    
  0.2735660      0.6370171       1.674422    
  0.2679821      0.6471634       1.683479    
  0.2627667      0.6577204       1.692711    
  0.2579305      0.6686776       1.702113    
  0.2534840      0.6800239       1.711681    
  0.2494370      0.6917484       1.721409    
  0.2457990      0.7038401       1.731293    
  0.2425789      0.7162877       1.741327    
  0.2397854      0.7290799       1.751507    
  0.2374265      0.7422053       1.761829    
  0.2355096      0.7556525       1.772287    
  0.2340418      0.7694101       1.782878    
  0.2330295      0.7834664       1.793595    
  0.2324787      0.7978101       1.804435    
  0.2323947      0.8124295       1.815393    
  0.2327822      0.8273133       1.826465    
  0.2336456      0.8424500       1.837646    
  0.2349883      0.8578281       1.848931    
  0.2368134      0.8734364       1.860316    
  0.2391233      0.8892636       1.871797    
  0.2419197      0.9052985       1.883369    
  0.2452038      0.9215300       1.895027    
  0.2489761      0.9379473       1.906767    
  0.2532366      0.9545394       1.918586    
  0.2579844      0.9712957       1.930477    
  0.2632183      0.9882057       1.942438    
  0.2689361       1.005259       1.954463    
  0.2751353       1.022445       1.966548    
  0.2818126       1.039754       1.978689    
  0.2889640       1.057176       1.990882    
  0.2965849       1.074702       2.003122    
  0.3046703       1.092322       2.015404    
  0.3132143       1.110026       2.027725    
  0.3222104       1.127805       2.040080    
  0.3316516       1.145652       2.052465    
  0.3415304       1.163556       2.064876    
  0.3518383       1.181509       2.077307    
  0.3625667       1.199504       2.089755    
  0.3737061       1.217533       2.102216    
  0.3852465       1.235586       2.114685    
  0.3971775       1.253658       2.127158    
  0.4094880       1.271740       2.139630    
  0.4221664       1.289826       2.152098    
  0.4352005       1.307908       2.164557    
  0.4485779       1.325980       2.177002    
  0.4622854       1.344036       2.189430    
  0.4763096       1.362069       2.201836    
  0.4906363       1.380073       2.214216    
  0.5052513       1.398042       2.226566    
  0.5201398       1.415971       2.238882    
  0.5352865       1.433855       2.251159    
  0.5506759       1.451688       2.263393    
  0.5662920       1.469464       2.275580    
  0.5821187       1.487181       2.287716    
  0.5981395       1.504831       2.299797    
  0.6143374       1.522412       2.311819    
  0.6306955       1.539919       2.323777    
  0.6471964       1.557347       2.335668    
  0.6638227       1.574693       2.347488    
  0.6805567       1.591953       2.359233    
  0.6973805       1.609122       2.370898    
  0.7142762       1.626198       2.382481    
  0.7312256       1.643176       2.393977    
  0.7482106       1.660054       2.405383    
  0.7652130       1.676828       2.416694    
  0.7822143       1.693494       2.427907    
  0.7991965       1.710050       2.439019    
  0.8161413       1.726491       2.450026    
  0.8330304       1.742817       2.460924    
  0.8498456       1.759022       2.471711    
  0.8665690       1.775104       2.482382    
  0.8831826       1.791061       2.492935    
  0.8996686       1.806889       2.503366    
  0.9160093       1.822585       2.513671    
  0.9321874       1.838147       2.523849    
  0.9481856       1.853571       2.533896    
  0.9639870       1.868854       2.543810    
  0.9795749       1.883994       2.553586    
  0.9949328       1.898987       2.563223    
   1.010045       1.913830       2.572718    
   1.024894       1.928519       2.582067    
   1.039467       1.943053       2.591270    
   1.053748       1.957427       2.600323    
   1.067721       1.971638       2.609224    
   1.081373       1.985683       2.617971    
   1.094690       1.999557       2.626561    
   1.107659       2.013258       2.634993    
   1.120267       2.026782       2.643264    
   1.132500       2.040124       2.651373    
   1.144349       2.053282       2.659317    
   1.155800       2.066249       2.667096    
   1.166844       2.079024       2.674707    
   1.177470       2.091600       2.682150    
   1.187668       2.103975       2.689421    
   1.197429       2.116143       2.696522    
   1.206744       2.128099       2.703449    
   1.215607       2.139839       2.710201    
   1.224008       2.151358       2.716779    
   1.231942       2.162650       2.723179    
   1.239402       2.173712       2.729403    
   1.246382       2.184536       2.735448    
   1.252879       2.195119       2.741315    
   1.258887       2.205454       2.747001    
   1.264404       2.215537       2.752508    
   1.269425       2.225360       2.757833    
   1.273950       2.234919       2.762977    
   1.277975       2.244207       2.767939    
   1.281500       2.253218       2.772718    
   1.284525       2.261947       2.777315    
   1.287050       2.270387       2.781729    
   1.289076       2.278533       2.785960    
   1.290604       2.286377       2.790008    
   1.291636       2.293913       2.793872    
   1.292176       2.301136       2.797552    
   1.292226       2.308038       2.801049    
   1.291791       2.314613       2.804362    
   1.290876       2.320855       2.807491    
   1.289484       2.326758       2.810436    
   1.287623       2.332314       2.813197    
   1.285298       2.337519       2.815775    
   1.282517       2.342364       2.818169    
   1.279286       2.346844       2.820379    
   1.275614       2.350954       2.822405    
   1.271510       2.354685       2.824248    
   1.266981       2.358033       2.825907    
   1.262038       2.360992       2.827382    
   1.256691       2.363555       2.828674    
   1.250949       2.365718       2.829782    
   1.244824       2.367473       2.830706    
   1.238327       2.368816       2.831447    
   1.231470       2.369742       2.832004    
   1.224263       2.370245       2.832377    
   1.216720       2.370321       2.832566    
   1.208854       2.369965       2.832571    
   1.200677       2.369172       2.832392    
   1.192202       2.367938       2.832027    
   1.183444       2.366259       2.831478    
   1.174415       2.364132       2.830743    
   1.165130       2.361553       2.829822    
   1.155603       2.358519       2.828715    
   1.145849       2.355026       2.827421    
   1.135881       2.351073       2.825940    
   1.125715       2.346658       2.824271    
   1.115365       2.341777       2.822413    
   1.104847       2.336431       2.820366    
   1.094175       2.330616       2.818128    
   1.083364       2.324334       2.815700    
   1.072429       2.317584       2.813080    
   1.061385       2.310364       2.810266    
   1.050248       2.302677       2.807260    
   1.039031       2.294522       2.804058    
   1.027751       2.285900       2.800660    
   1.016422       2.276814       2.797065    
   1.005058       2.267265       2.793271    
  0.9936740       2.257256       2.789279    
  0.9822847       2.246789       2.785085    
  0.9709041       2.235869       2.780689    
  0.9595462       2.224498       2.776090    
  0.9482250       2.212682       2.771286    
  0.9369541       2.200424       2.766276    
  0.9257467       2.187730       2.761058    
  0.9146161       2.174605       2.755632    
  0.9035750       2.161056       2.749995    
  0.8926359       2.147089       2.744146    
  0.8818111       2.132711       2.738083    
  0.8711125       2.117929       2.731807    
  0.8605515       2.102752       2.725314    
  0.8501393       2.087188       2.718603    
  0.8398868       2.071244       2.711674    
  0.8298043       2.054932       2.704525    
  0.8199019       2.038259       2.697155    
  0.8101892       2.021237       2.689561    
  0.8006755       2.003875       2.681745    
  0.7913693       1.986185       2.673703    
  0.7822791       1.968178       2.665436    
  0.7734128       1.949865       2.656941    
  0.7647778       1.931259       2.648220    
  0.7563810       1.912372       2.639270    
  0.7482289       1.893217       2.630091    
  0.7403277       1.873806       2.620683    
  0.7326827       1.854154       2.611046    
  0.7252992       1.834274       2.601178    
  0.7181817       1.814180       2.591080    
  0.7113343       1.793886       2.580752    
  0.7047608       1.773408       2.570194    
  0.6984641       1.752759       2.559407    
  0.6924470       1.731956       2.548390    
  0.6867117       1.711013       2.537146    
  0.6812598       1.689946       2.525675    
  0.6760926       1.668772       2.513978    
  0.6712109       1.647504       2.502056    
  0.6666148       1.626161       2.489912    
  0.6623043       1.604758       2.477546    
  0.6582788       1.583312       2.464962    
  0.6545370       1.561838       2.452160    
  0.6510774       1.540354       2.439145    
  0.6478982       1.518875       2.425918    
  0.6449968       1.497419       2.412483    
  0.6423705       1.476002       2.398843    
  0.6400161       1.454641       2.385002    
  0.6379298       1.433353       2.370964    
  0.6361077       1.412153       2.356733    
  0.6345453       1.391059       2.342314    
  0.6332380       1.370086       2.327711    
  0.6321806       1.349251       2.312930    
  0.6313675       1.328571       2.297976    
  0.6307931       1.308060       2.282854    
  0.6304511       1.287736       2.267571    
  0.6303353       1.267613       2.252134    
  0.6304389       1.247707       2.236549    
  0.6307549       1.228034       2.220823    
  0.6312761       1.208608       2.204963    
  0.6319951       1.189444       2.188977    
  0.6329041       1.170556       2.172873    
  0.6339951       1.151959       2.156660    
  0.6352602       1.133666       2.140346    
  0.6366909       1.115690       2.123940    
  0.6382790       1.098046       2.107451    
  0.6400156       1.080745       2.090889    
  0.6418922       1.063801       2.074264    
  0.6438998       1.047224       2.057586    
  0.6460295       1.031026       2.040865    
  0.6482722       1.015220       2.024113    
  0.6506189      0.9998143       2.007340    
  0.6530603      0.9848205       1.990557    
  0.6555872      0.9702481       1.973777    
  0.6581905      0.9561063       1.957011    
  0.6608608      0.9424040       1.940271    
  0.6635890      0.9291495       1.923569    
  0.6663659      0.9163507       1.906919    
  0.6691822      0.9040148       1.890333    
  0.6720288      0.8921488       1.873824    
  0.6748968      0.8807589       1.857405    
  0.6777772      0.8698508       1.841090    
  0.6806610      0.8594299       1.824892    
  0.6835395      0.8495008       1.808825    
  0.6864041      0.8400676       1.792903    
  0.6892462      0.8311341       1.777140    
  0.6920576      0.8227032       1.761550    
  0.6948299      0.8147777       1.746147    
  0.6975552      0.8073594       1.730946    
  0.7002257      0.8004498       1.715960    
  0.7028335      0.7940500       1.701205    
  0.7053714      0.7881603       1.686695    
  0.7078320      0.7827805       1.672444    
  0.7102083      0.7779101       1.658466    
  0.7124935      0.7735478       1.644777    
  0.7146811      0.7696920       1.631390    
  0.7167648      0.7663405       1.618320    
  0.7187384      0.7634906       1.605581    
  0.7205962      0.7611392       1.593187    
  0.7223326      0.7592826       1.581153    
  0.7239423      0.7579167       1.569492    
  0.7254205      0.7570370       1.558217    
  0.7267623      0.7566383       1.547343    
  0.7279633      0.7567152       1.536883    
  0.7290195      0.7572619       1.526850    
  0.7299269      0.7582721       1.517256    
  0.7306820      0.7597389       1.508115    
  0.7312816      0.7616554       1.499438    
  0.7317227      0.7640142       1.491239    
  0.7320026      0.7668074       1.483528    
  0.7321191      0.7700269       1.476317    
  0.7320700      0.7736641       1.469617    
  0.7318535      0.7777104       1.463438    
  0.7314684      0.7821568       1.457791    
  0.7309133      0.7869937       1.452687    
  0.7301875      0.7922118       1.448133    
  0.7292904      0.7978011       1.444139    
  0.7282217      0.8037516       1.440714    
  0.7269815      0.8100531       1.437865    
  0.7255699      0.8166950       1.435601    
  0.7239877      0.8236668       1.433927    
  0.7222357      0.8309578       1.432851    
  0.7203150      0.8385571       1.432379    
  0.7182270      0.8464537       1.432515    
  0.7159736      0.8546364       1.433265    
  0.7135564      0.8630941       1.434632    
  0.7109778      0.8718156       1.436621    
  0.7082402      0.8807895       1.439234    
  0.7053463      0.8900046       1.442474    
  0.7022989      0.8994496       1.446342    
  0.6991013      0.9091133       1.450839    
  0.6957567      0.9189842       1.455966    
  0.6922687      0.9290512       1.461723    
  0.6886412      0.9393032       1.468109    
  0.6848781      0.9497289       1.475121    
  0.6809835      0.9603175       1.482758    
  0.6769618      0.9710580       1.491018    
  0.6728176      0.9819396       1.499895    
  0.6685556      0.9929516       1.509387    
  0.6641806       1.004084       1.519488    
  0.6596977       1.015326       1.530192    
  0.6551120       1.026667       1.541493    
  0.6504287       1.038098       1.553384    
  0.6456534       1.049608       1.565857    
  0.6407915       1.061188       1.578904    
  0.6358487       1.072830       1.592516    
  0.6308308       1.084523       1.606683    
  0.6257436       1.096259       1.621394    
  0.6205930       1.108028       1.636639    
  0.6153851       1.119824       1.652406    
  0.6101260       1.131637       1.668683    
  0.6048218       1.143459       1.685456    
  0.5994787       1.155284       1.702712    
  0.5941030       1.167103       1.720437    
  0.5887010       1.178910       1.738616    
  0.5832790       1.190698       1.757234    
  0.5778434       1.202460       1.776274    
  0.5724006       1.214191       1.795721    
  0.5669569       1.225883       1.815557    
  0.5615187       1.237533       1.835765    
  0.5560925       1.249133       1.856327    
  0.5506846       1.260680       1.877224    
  0.5453013       1.272169       1.898438    
  0.5399491       1.283594       1.919949    
  0.5346343       1.294952       1.941737    
  0.5293631       1.306240       1.963783    
  0.5241418       1.317452       1.986065    
  0.5189766       1.328587       2.008564    
  0.5138738       1.339641       2.031257    
  0.5088392       1.350610       2.054123    
  0.5038791       1.361493       2.077141    
  0.4989994       1.372288       2.100288    
  0.4942061       1.382991       2.123543    
  0.4895049       1.393602       2.146883    
  0.4849016       1.404119       2.170285    
  0.4804020       1.414540       2.193727    
  0.4760115       1.424863       2.217186    
  0.4717358       1.435089       2.240639    
  0.4675803       1.445217       2.264063    
  0.4635502       1.455245       2.287436    
  0.4596508       1.465173       2.310733    
  0.4558873       1.475001       2.333933    
  0.4522647       1.484730       2.357012    
  0.4487878       1.494357       2.379948    
  0.4454615       1.503885       2.402718    
  0.4422905       1.513314       2.425300    
  0.4392793       1.522642       2.447670    
  0.4364325       1.531872       2.469808    
  0.4337543       1.541003       2.491691    
  0.4312490       1.550037       2.513297    
  0.4289207       1.558973       2.534606    
  0.4267734       1.567813       2.555595    
  0.4248109       1.576557       2.576245    
  0.4230370       1.585206       2.596534    
  0.4214552       1.593760       2.616444    
  0.4200691       1.602221       2.635954    
  0.4188819       1.610590       2.655045    
  0.4178969       1.618866       2.673699    
  0.4171171       1.627051       2.691898    
  0.4165455       1.635145       2.709624    
  0.4161849       1.643149       2.726859    
  0.4160378       1.651064       2.743587    
  0.4161069       1.658890       2.759793    
  0.4163945       1.666627       2.775461    
  0.4169028       1.674275       2.790576    
  0.4176339       1.681836       2.805124    
  0.4185898       1.689308       2.819092    
  0.4197722       1.696693       2.832466    
  0.4211829       1.703989       2.845235    
  0.4228233       1.711197       2.857387    
  0.4246947       1.718316       2.868912    
  0.4267984       1.725345       2.879800    
  0.4291354       1.732285       2.890041    
  0.4317067       1.739134       2.899626    
  0.4345130       1.745890       2.908550    
  0.4375548       1.752555       2.916803    
  0.4408326       1.759124       2.924381    
  0.4443466       1.765599       2.931277    
  0.4480970       1.771976       2.937487    
  0.4520838       1.778254       2.943008    
  0.4563066       1.784431       2.947837    
  0.4607652       1.790506       2.951971    
  0.4654590       1.796475       2.955408    
  0.4703873       1.802336       2.958149    
  0.4755492       1.808088       2.960193    
  0.4809436       1.813727       2.961543    
  0.4865694       1.819250       2.962198    
  0.4924251       1.824655       2.962163    
  0.4985092       1.829938       2.961440    
  0.5048199       1.835096       2.960034    
  0.5113553       1.840126       2.957949    
  0.5181133       1.845024       2.955192    
  0.5250917       1.849787       2.951769    
  0.5322880       1.854411       2.947688    
  0.5396994       1.858891       2.942955    
  0.5473233       1.863225       2.937580    
  0.5551565       1.867407       2.931573    
  0.5631958       1.871435       2.924943    
  0.5714380       1.875303       2.917702    
  0.5798793       1.879008       2.909860    
  0.5885161       1.882546       2.901430    
  0.5973443       1.885911       2.892425    
  0.6063599       1.889100       2.882858    
  0.6155584       1.892109       2.872743    
  0.6249354       1.894932       2.862094    
  0.6344862       1.897567       2.850927    
  0.6442057       1.900007       2.839257    
  0.6540890       1.902250       2.827100    
  0.6641306       1.904291       2.814474    
  0.6743251       1.906125       2.801394    
  0.6846669       1.907749       2.787879    
  0.6951500       1.909159       2.773946    
  0.7057683       1.910351       2.759613    
  0.7165157       1.911320       2.744900    
  0.7273857       1.912064       2.729826    
  0.7383717       1.912578       2.714409    
  0.7494668       1.912859       2.698670    
  0.7606642       1.912905       2.682627    
  0.7719566       1.912711       2.666302    
  0.7833368       1.912276       2.649714    
  0.7947971       1.911595       2.632885    
  0.8063299       1.910667       2.615834    
  0.8179274       1.909490       2.598582    
  0.8295817       1.908061       2.581150    
  0.8412845       1.906379       2.563560    
  0.8530275       1.904442       2.545831    
  0.8648022       1.902248       2.527986    
  0.8766002       1.899797       2.510045    
  0.8884126       1.897088       2.492028    
  0.9002305       1.894121       2.473957    
  0.9120451       1.890894       2.455853    
  0.9238471       1.887409       2.437735    
  0.9356273       1.883665       2.419625    
  0.9473765       1.879663       2.401542    
  0.9590852       1.875406       2.383508    
  0.9707439       1.870892       2.365541    
  0.9823430       1.866126       2.347662    
  0.9938727       1.861108       2.329890    
   1.005323       1.855840       2.312243    
   1.016685       1.850327       2.294742    
   1.027949       1.844570       2.277403    
   1.039103       1.838573       2.260245    
   1.050140       1.832340       2.243287    
   1.061047       1.825874       2.226544    
   1.071817       1.819181       2.210035    
   1.082438       1.812265       2.193775    
   1.092901       1.805132       2.177781    
   1.103196       1.797786       2.162068    
   1.113313       1.790233       2.146652    
   1.123242       1.782480       2.131545    
   1.132974       1.774533       2.116764    
   1.142498       1.766399       2.102321    
   1.151806       1.758085       2.088229    
   1.160887       1.749598       2.074500    
   1.169732       1.740947       2.061147    
   1.178332       1.732138       2.048182    
   1.186678       1.723181       2.035613    
   1.194760       1.714083       2.023452    
   1.202570       1.704854       2.011708    
   1.210099       1.695504       2.000391    
   1.217339       1.686040       1.989507    
   1.224281       1.676473       1.979066    
   1.230916       1.666812       1.969074    
   1.237238       1.657068       1.959537    
   1.243238       1.647250       1.950462    
   1.248909       1.637369       1.941854    
   1.254243       1.627436       1.933716    
   1.259234       1.617461       1.926054    
   1.263875       1.607455       1.918870    
   1.268159       1.597428       1.912168    
   1.272081       1.587393       1.905949    
   1.275634       1.577360       1.900214    
   1.278813       1.567339       1.894966    
   1.281613       1.557344       1.890203    
   1.284030       1.547384       1.885926    
   1.286058       1.537470       1.882135    
   1.287693       1.527616       1.878826    
   1.288933       1.517830       1.875999    
   1.289772       1.508126       1.873650    
   1.290209       1.498513       1.871778    
   1.290241       1.489004       1.870377    
   1.289866       1.479609       1.869444    
   1.289082       1.470339       1.868974    
   1.287887       1.461205       1.868962    
   1.286281       1.452217       1.869402    
   1.284262       1.443387       1.870288    
   1.281832       1.434723       1.871614    
   1.278990       1.426238       1.873371    
   1.275738       1.417940       1.875554    
   1.272075       1.409839       1.878153    
   1.268005       1.401944       1.881161    
   1.263529       1.394266       1.884569    
   1.258650       1.386812       1.888368    
   1.253371       1.379592       1.892548    
   1.247695       1.372614       1.897099    
   1.241627       1.365885       1.902013    
   1.235170       1.359414       1.907277    
   1.228330       1.353208       1.912882    
   1.221112       1.347273       1.918817    
   1.213522       1.341617       1.925071    
   1.205566       1.336246       1.931631    
   1.197250       1.331165       1.938488    
   1.188582       1.326381       1.945628    
   1.179569       1.321897       1.953040    
   1.170220       1.317719       1.960712    
   1.160542       1.313851       1.968632    
   1.150544       1.310296       1.976787    
   1.140235       1.307058       1.985166    
   1.129626       1.304139       1.993754    
   1.118726       1.301543       2.002541    
   1.107545       1.299271       2.011513    
   1.096094       1.297324       2.020658    
   1.084383       1.295704       2.029962    
   1.072426       1.294410       2.039414    
   1.060232       1.293444       2.049001    
   1.047815       1.292804       2.058709    
   1.035186       1.292490       2.068528    
   1.022358       1.292500       2.078443    
   1.009344       1.292832       2.088444    
  0.9961571       1.293485       2.098516    
  0.9828106       1.294456       2.108649    
  0.9693182       1.295740       2.118830    
  0.9556936       1.297335       2.129048    
  0.9419509       1.299236       2.139290    
  0.9281043       1.301440       2.149545    
  0.9141680       1.303940       2.159801    
  0.9001566       1.306731       2.170048    
  0.8860846       1.309808       2.180273    
  0.8719667       1.313165       2.190467    
  0.8578176       1.316794       2.200618    
  0.8436522       1.320688       2.210717    
  0.8294855       1.324841       2.220752    
  0.8153322       1.329245       2.230715    
  0.8012072       1.333890       2.240595    
  0.7871254       1.338770       2.250382    
  0.7731017       1.343874       2.260069    
  0.7591507       1.349195       2.269645    
  0.7452873       1.354722       2.279102    
  0.7315260       1.360446       2.288432    
  0.7178811       1.366357       2.297627    
  0.7043672       1.372445       2.306679    
  0.6909983       1.378699       2.315579    
  0.6777884       1.385109       2.324322    
  0.6647512       1.391664       2.332901    
  0.6519005       1.398353       2.341308    
  0.6392494       1.405165       2.349537    
  0.6268110       1.412088       2.357582    
  0.6145980       1.419112       2.365438    
  0.6026231       1.426224       2.373099    
  0.5908983       1.433413       2.380560    
  0.5794354       1.440668       2.387816    
  0.5682459       1.447976       2.394862    
  0.5573410       1.455327       2.401695    
  0.5467314       1.462707       2.408310    
  0.5364273       1.470106       2.414704    
  0.5264386       1.477512       2.420874    
  0.5167749       1.484913       2.426815    
  0.5074451       1.492298       2.432526    
  0.4984578       1.499655       2.438004    
  0.4898211       1.506972       2.443247    
  0.4815427       1.514239       2.448253    
  0.4736295       1.521444       2.453019    
  0.4660882       1.528577       2.457546    
  0.4589249       1.535626       2.461830    
  0.4521452       1.542581       2.465872    
  0.4457540       1.549431       2.469671    
  0.4397557       1.556167       2.473225    
  0.4341544       1.562778       2.476536    
  0.4289534       1.569254       2.479603    
  0.4241555       1.575587       2.482426    
  0.4197628       1.581767       2.485006    
  0.4157771       1.587785       2.487343    
  0.4121995       1.593633       2.489438    
  0.4090303       1.599302       2.491292    
  0.4062697       1.604785       2.492907    
  0.4039169       1.610074       2.494284    
  0.4019707       1.615161       2.495424    
  0.4004293       1.620040       2.496329    
  0.3992903       1.624704       2.497001    
  0.3985508       1.629148       2.497442    
  0.3982072       1.633365       2.497655    
  0.3982556       1.637351       2.497641    
  0.3986913       1.641099       2.497404    
  0.3995090       1.644606       2.496946    
  0.4007032       1.647867       2.496269    
  0.4022676       1.650880       2.495377    
  0.4041954       1.653639       2.494272    
  0.4064793       1.656143       2.492958    
  0.4091117       1.658388       2.491438    
  0.4120843       1.660374       2.489715    
  0.4153883       1.662097       2.487793    
  0.4190146       1.663557       2.485675    
  0.4229536       1.664753       2.483364    
  0.4271952       1.665685       2.480865    
  0.4317289       1.666352       2.478180    
  0.4365440       1.666754       2.475314    
  0.4416291       1.666893       2.472271    
  0.4469726       1.666770       2.469054    
  0.4525627       1.666385       2.465668    
  0.4583871       1.665741       2.462116    
  0.4644331       1.664840       2.458402    
  0.4706880       1.663685       2.454531    
  0.4771386       1.662278       2.450507    
  0.4837716       1.660623       2.446334    
  0.4905734       1.658724       2.442015    
  0.4975302       1.656584       2.437556    
  0.5046281       1.654208       2.432960    
  0.5118530       1.651600       2.428231    
  0.5191905       1.648764       2.423375    
  0.5266265       1.645707       2.418395    
  0.5341464       1.642434       2.413295    
  0.5417357       1.638949       2.408081    
  0.5493799       1.635259       2.402755    
  0.5570646       1.631370       2.397323    
  0.5647751       1.627289       2.391789    
  0.5724970       1.623021       2.386158    
  0.5802157       1.618573       2.380433    
  0.5879170       1.613953       2.374619    
  0.5955865       1.609167       2.368721    
  0.6032103       1.604222       2.362742    
  0.6107742       1.599125       2.356688    
  0.6182644       1.593884       2.350562    
  0.6256673       1.588506       2.344369    
  0.6329696       1.582999       2.338114    
  0.6401581       1.577370       2.331800    
  0.6472199       1.571627       2.325433    
  0.6541423       1.565777       2.319016    
  0.6609131       1.559828       2.312553    
  0.6675203       1.553788       2.306050    
  0.6739522       1.547664       2.299510    
  0.6801975       1.541463       2.292939    
  0.6862453       1.535195       2.286340    
  0.6920852       1.528865       2.279717    
  0.6977071       1.522481       2.273075    
  0.7031012       1.516051       2.266418    
  0.7082583       1.509582       2.259751    
  0.7131699       1.503081       2.253078    
  0.7178274       1.496555       2.246403    
  0.7222233       1.490012       2.239730    
  0.7263501       1.483456       2.233063    
  0.7302012       1.476897       2.226408    
  0.7337703       1.470338       2.219767    
  0.7370517       1.463789       2.213146    
  0.7400403       1.457253       2.206548    
  0.7427314       1.450737       2.199978    
  0.7451210       1.444247       2.193440    
  0.7472057       1.437789       2.186937    
  0.7489825       1.431367       2.180475    
  0.7504491       1.424987       2.174056    
  0.7516039       1.418653       2.167686    
  0.7524456       1.412371       2.161367    
  0.7529737       1.406145       2.155105    
  0.7531882       1.399978       2.148902    
  0.7530897       1.393876       2.142764    
  0.7526794       1.387841       2.136693    
  0.7519591       1.381877       2.130694    
  0.7509311       1.375988       2.124770    
  0.7495984       1.370175       2.118925    
  0.7479645       1.364444       2.113162    
  0.7460334       1.358794       2.107486    
  0.7438098       1.353230       2.101901    
  0.7412989       1.347753       2.096408    
  0.7385063       1.342365       2.091012    
  0.7354383       1.337067       2.085717    
  0.7321017       1.331862       2.080525    
  0.7285037       1.326749       2.075439    
  0.7246522       1.321731       2.070464    
  0.7205553       1.316807       2.065602    
  0.7162219       1.311979       2.060856    
  0.7116610       1.307246       2.056228    
  0.7068824       1.302610       2.051723    
  0.7018960       1.298069       2.047342    
  0.6967123       1.293624       2.043088    
  0.6913422       1.289274       2.038964    
  0.6857968       1.285020       2.034972    
  0.6800877       1.280859       2.031114    
  0.6742269       1.276792       2.027393    
  0.6682264       1.272818       2.023811    
  0.6620989       1.268935       2.020370    
  0.6558570       1.265142       2.017071    
  0.6495138       1.261439       2.013917    
  0.6430826       1.257824       2.010908    
  0.6365767       1.254295       2.008048    
  0.6300098       1.250851       2.005336    
  0.6233957       1.247490       2.002774    
  0.6167483       1.244212       2.000364    
  0.6100818       1.241014       1.998105    
  0.6034101       1.237895       1.996000    
  0.5967476       1.234853       1.994049    
  0.5901084       1.231887       1.992251    
  0.5835068       1.228995       1.990609    
  0.5769571       1.226175       1.989121    
  0.5704736       1.223427       1.987788    
  0.5640703       1.220748       1.986611    
  0.5577614       1.218138       1.985588    
  0.5515609       1.215594       1.984719    
  0.5454827       1.213116       1.984004    
  0.5395405       1.210703       1.983443    
  0.5337480       1.208353       1.983034    
  0.5281184       1.206065       1.982776    
  0.5226650       1.203839       1.982669    
  0.5174007       1.201675       1.982711    
  0.5123382       1.199570       1.982900    
  0.5074899       1.197526       1.983236    
  0.5028679       1.195541       1.983716    
  0.4984840       1.193617       1.984339    
  0.4943497       1.191751       1.985102    
  0.4904762       1.189946       1.986004    
  0.4868740       1.188201       1.987042    
  0.4835536       1.186517       1.988214    
  0.4805249       1.184895       1.989517    
  0.4777975       1.183335       1.990949    
  0.4753804       1.181839       1.992507    
  0.4732822       1.180408       1.994188    
  0.4715112       1.179044       1.995989    
  0.4700749       1.177748       1.997907    
  0.4689806       1.176522       1.999939    
  0.4682349       1.175369       2.002081    
  0.4678440       1.174290       2.004330    
  0.4678136       1.173288       2.006683    
  0.4681488       1.172367       2.009135    
  0.4688541       1.171528       2.011684    
  0.4699336       1.170775       2.014326    
  0.4713907       1.170111       2.017056    
  0.4732282       1.169540       2.019872    
  0.4754486       1.169065       2.022768    
  0.4780535       1.168690       2.025742    
  0.4810443       1.168419       2.028789    
  0.4844214       1.168257       2.031906    
  0.4881849       1.168206       2.035087    
  0.4923342       1.168272       2.038330    
  0.4968683       1.168460       2.041631    
  0.5017855       1.168773       2.044984    
  0.5070834       1.169217       2.048387    
  0.5127592       1.169797       2.051835    
  0.5188096       1.170518       2.055324    
  0.5252306       1.171384       2.058851    
  0.5320178       1.172401       2.062411    
  0.5391659       1.173574       2.066001    
  0.5466695       1.174908       2.069617    
  0.5545224       1.176409       2.073255    
  0.5627180       1.178081       2.076912    
  0.5712492       1.179931       2.080584    
  0.5801082       1.181963       2.084267    
  0.5892870       1.184183       2.087960    
  0.5987771       1.186596       2.091657    
  0.6085691       1.189207       2.095356    
  0.6186538       1.192022       2.099054    
  0.6290212       1.195045       2.102749    
  0.6396608       1.198282       2.106437    
  0.6505619       1.201738       2.110116    
  0.6617135       1.205416       2.113783    
  0.6731039       1.209323       2.117436    
  0.6847212       1.213462       2.121073    
  0.6965534       1.217838       2.124692    
  0.7085878       1.222455       2.128292    
  0.7208117       1.227317       2.131870    
  0.7332119       1.232428       2.135425    
  0.7457752       1.237791       2.138957    
  0.7584878       1.243410       2.142463    
  0.7713361       1.249288       2.145943    
  0.7843059       1.255427       2.149396    
  0.7973832       1.261831       2.152823    
  0.8105535       1.268502       2.156222    
  0.8238024       1.275441       2.159593    
  0.8371152       1.282651       2.162937    
  0.8504773       1.290133       2.166254    
  0.8638739       1.297887       2.169544    
  0.8772901       1.305915       2.172809    
  0.8907112       1.314217       2.176049    
  0.9041222       1.322793       2.179265    
  0.9175082       1.331643       2.182458    
  0.9308544       1.340766       2.185631    
  0.9441461       1.350160       2.188784    
  0.9573685       1.359826       2.191921    
  0.9705069       1.369759       2.195042    
  0.9835469       1.379960       2.198151    
  0.9964740       1.390424       2.201249    
   1.009274       1.401148       2.204340    
   1.021933       1.412130       2.207426    
   1.034437       1.423365       2.210510    
   1.046772       1.434849       2.213596    
   1.058924       1.446577       2.216686    
   1.070881       1.458544       2.219785    
   1.082630       1.470746       2.222896    
   1.094157       1.483174       2.226022    
   1.105451       1.495824       2.229167    
   1.116499       1.508688       2.232336    
   1.127290       1.521760       2.235533    
   1.137811       1.535031       2.238760    
   1.148052       1.548494       2.242024    
   1.158002       1.562140       2.245329    
   1.167651       1.575961       2.248677    
   1.176989       1.589947       2.252075    
   1.186005       1.604089       2.255527    
   1.194691       1.618377       2.259037    
   1.203037       1.632801       2.262609    
   1.211036       1.647349       2.266249    
   1.218680       1.662012       2.269960    
   1.225960       1.676778       2.273748    
   1.232871       1.691635       2.277617    
   1.239404       1.706572       2.281571    
   1.245554       1.721576       2.285614    
   1.251315       1.736635       2.289752    
   1.256682       1.751737       2.293988    
   1.261651       1.766869       2.298326    
   1.266215       1.782016       2.302770    
   1.270373       1.797167       2.307325    
   1.274120       1.812308       2.311994    
   1.277454       1.827424       2.316781    
   1.280371       1.842503       2.321688    
   1.282871       1.857530       2.326721    
   1.284951       1.872491       2.331881    
   1.286611       1.887372       2.337171    
   1.287850       1.902158       2.342595    
   1.288667       1.916837       2.348155    
   1.289063       1.931391       2.353852    
   1.289039       1.945809       2.359689    
   1.288597       1.960075       2.365668    
   1.287737       1.974174       2.371789    
   1.286463       1.988093       2.378055    
   1.284775       2.001817       2.384466    
   1.282679       2.015333       2.391023    
   1.280176       2.028625       2.397725    
   1.277271       2.041680       2.404573    
   1.273967       2.054484       2.411567    
   1.270271       2.067023       2.418706    
   1.266185       2.079284       2.425988    
   1.261717       2.091254       2.433412    
   1.256871       2.102919       2.440976    
   1.251653       2.114266       2.448679    
   1.246071       2.125283       2.456517    
   1.240129       2.135957       2.464488    
   1.233837       2.146277       2.472589    
   1.227201       2.156231       2.480815    
   1.220228       2.165807       2.489163    
   1.212927       2.174993       2.497628    
   1.205305       2.183780       2.506206    
   1.197372       2.192157       2.514891    
   1.189135       2.200114       2.523678    
   1.180604       2.207641       2.532560    
   1.171787       2.214729       2.541531    
   1.162695       2.221369       2.550585    
   1.153336       2.227553       2.559713    
   1.143720       2.233274       2.568910    
   1.133857       2.238523       2.578166    
   1.123757       2.243294       2.587474    
   1.113430       2.247580       2.596825    
   1.102886       2.251375       2.606209    
   1.092136       2.254674       2.615618    
   1.081190       2.257472       2.625041    
   1.070058       2.259765       2.634470    
   1.058751       2.261548       2.643892    
   1.047281       2.262818       2.653298    
   1.035656       2.263572       2.662677    
   1.023888       2.263809       2.672018    
   1.011989       2.263525       2.681308    
  0.9999678       2.262720       2.690537    
  0.9878359       2.261393       2.699691    
  0.9756040       2.259544       2.708760    
  0.9632828       2.257173       2.717730    
  0.9508829       2.254281       2.726588    
  0.9384149       2.250870       2.735322    
  0.9258894       2.246940       2.743919    
  0.9133167       2.242496       2.752365    
  0.9007074       2.237540       2.760648    
  0.8880716       2.232074       2.768753    
  0.8754196       2.226104       2.776667    
  0.8627616       2.219634       2.784377    
  0.8501074       2.212669       2.791868    
  0.8374669       2.205214       2.799128    
  0.8248499       2.197275       2.806142    
  0.8122659       2.188859       2.812897    
  0.7997245       2.179972       2.819378    
  0.7872347       2.170622       2.825573    
  0.7748058       2.160817       2.831467    
  0.7624468       2.150565       2.837048    
  0.7501664       2.139874       2.842301    
  0.7379733       2.128753       2.847214    
  0.7258758       2.117212       2.851774    
  0.7138822       2.105261       2.855966    
  0.7020006       2.092909       2.859780    
  0.6902387       2.080167       2.863202    
  0.6786044       2.067045       2.866220    
  0.6671049       2.053556       2.868821    
  0.6557476       2.039709       2.870996    
  0.6445395       2.025517       2.872731    
  0.6334874       2.010990       2.874016    
  0.6225979       1.996143       2.874841    
  0.6118775       1.980986       2.875194    
  0.6013322       1.965532       2.875067    
  0.5909682       1.949794       2.874449    
  0.5807911       1.933784       2.873331    
  0.5708063       1.917517       2.871705    
  0.5610193       1.901003       2.869563    
  0.5514351       1.884258       2.866897    
  0.5420586       1.867294       2.863700    
  0.5328944       1.850124       2.859966    
  0.5239469       1.832762       2.855687    
  0.5152203       1.815221       2.850859    
  0.5067186       1.797515       2.845477    
  0.4984456       1.779657       2.839537    
  0.4904048       1.761662       2.833034    
  0.4825995       1.743541       2.825966    
  0.4750329       1.725308       2.818330    
  0.4677078       1.706977       2.810124    
  0.4606268       1.688562       2.801347    
  0.4537926       1.670074       2.791999    
  0.4472074       1.651527       2.782079    
  0.4408732       1.632935       2.771589    
  0.4347919       1.614308       2.760530    
  0.4289652       1.595662       2.748903    
  0.4233944       1.577006       2.736713    
  0.4180809       1.558355       2.723962    
  0.4130258       1.539720       2.710655    
  0.4082299       1.521112       2.696797    
  0.4036939       1.502543       2.682394    
  0.3994182       1.484025       2.667451    
  0.3954033       1.465569       2.651977    
  0.3916492       1.447186       2.635978    
  0.3881560       1.428886       2.619463    
  0.3849232       1.410680       2.602443    
  0.3819507       1.392578       2.584925    
  0.3792377       1.374589       2.566922    
  0.3767835       1.356723       2.548444    
  0.3745873       1.338990       2.529503    
  0.3726479       1.321399       2.510112    
  0.3709641       1.303957       2.490284    
  0.3695346       1.286674       2.470033    
  0.3683577       1.269557       2.449373    
  0.3674317       1.252614       2.428320    
  0.3667547       1.235853       2.406890    
  0.3663248       1.219281       2.385098    
  0.3661398       1.202905       2.362962    
  0.3661974       1.186730       2.340498    
  0.3664950       1.170764       2.317726    
  0.3670302       1.155013       2.294663    
  0.3678001       1.139481       2.271328    
  0.3688019       1.124174       2.247741    
  0.3700325       1.109097       2.223922    
  0.3714888       1.094256       2.199892    
  0.3731676       1.079654       2.175670    
  0.3750654       1.065295       2.151278    
  0.3771786       1.051184       2.126739    
  0.3795036       1.037323       2.102072    
  0.3820367       1.023718       2.077301    
  0.3847738       1.010369       2.052448    
  0.3877110      0.9972813       2.027536    
  0.3908440      0.9844563       2.002588    
  0.3941688      0.9718966       1.977627    
  0.3976807      0.9596046       1.952676    
  0.4013754      0.9475820       1.927760    
  0.4052483      0.9358307       1.902900    
  0.4092946      0.9243523       1.878122    
  0.4135095      0.9131481       1.853449    
  0.4178881      0.9022194       1.828905    
  0.4224254      0.8915672       1.804513    
  0.4271162      0.8811924       1.780299    
  0.4319553      0.8710958       1.756284    
  0.4369374      0.8612781       1.732494    
  0.4420572      0.8517396       1.708951    
  0.4473090      0.8424808       1.685680    
  0.4526874      0.8335021       1.662703    
  0.4581867      0.8248037       1.640043    
  0.4638011      0.8163857       1.617725    
  0.4695248      0.8082482       1.595769    
  0.4753520      0.8003911       1.574199    
  0.4812766      0.7928146       1.553036    
  0.4872926      0.7855185       1.532303    
  0.4933941      0.7785028       1.512020    
  0.4995747      0.7717673       1.492209    
  0.5058284      0.7653120       1.472890    
  0.5121488      0.7591367       1.454084    
  0.5185297      0.7532414       1.435809    
  0.5249646      0.7476259       1.418086    
  0.5314474      0.7422904       1.400932    
  0.5379714      0.7372348       1.384366    
  0.5445303      0.7324590       1.368406    
  0.5511177      0.7279633       1.353068    
  0.5577270      0.7237477       1.338369    
  0.5643517      0.7198125       1.324325    
  0.5709854      0.7161579       1.310950    
  0.5776216      0.7127842       1.298259    
  0.5842538      0.7096921       1.286266    
  0.5908754      0.7068818       1.274984    
  0.5974800      0.7043541       1.264425    
  0.6040612      0.7021096       1.254601    
  0.6106125      0.7001492       1.245523    
  0.6171277      0.6984736       1.237201    
  0.6236002      0.6970838       1.229644    
  0.6300240      0.6959810       1.222861    
  0.6363926      0.6951662       1.216859    
  0.6427000      0.6946407       1.211646    
  0.6489400      0.6944059       1.207228    
  0.6551066      0.6944631       1.203610    
  0.6611939      0.6948139       1.200796    
  0.6671961      0.6954599       1.198792    
  0.6731074      0.6964028       1.197598    
  0.6789221      0.6976444       1.197218    
  0.6846347      0.6991865       1.197653    
  0.6902399      0.7010310       1.198902    
  0.6957323      0.7031800       1.200967    
  0.7011068      0.7056354       1.203845    
  0.7063584      0.7083993       1.207534    
  0.7114823      0.7114739       1.212032    
  0.7164738      0.7148613       1.217335    
  0.7213283      0.7185638       1.223438    
  0.7260414      0.7225835       1.230337    
  0.7306092      0.7269228       1.238024    
  0.7350275      0.7315838       1.246493    
  0.7392926      0.7365688       1.255736    
  0.7434008      0.7418800       1.265745    
  0.7473488      0.7475196       1.276511    
  0.7511336      0.7534896       1.288024    
  0.7547520      0.7597923       1.300273    
  0.7582014      0.7664296       1.313246    
  0.7614793      0.7734036       1.326932    
  0.7645834      0.7807161       1.341318    
  0.7675118      0.7883689       1.356390    
  0.7702628      0.7963637       1.372135    
  0.7728348      0.8047021       1.388538    
  0.7752267      0.8133855       1.405583    
  0.7774373      0.8224152       1.423254    
  0.7794660      0.8317924       1.441536    
  0.7813125      0.8415180       1.460411    
  0.7829764      0.8515928       1.479861    
  0.7844581      0.8620175       1.499869    
  0.7857578      0.8727924       1.520415    
  0.7868764      0.8839177       1.541482    
  0.7878147      0.8953934       1.563050    
  0.7885740      0.9072192       1.585098    
  0.7891558      0.9193946       1.607608    
  0.7895621      0.9319187       1.630557    
  0.7897949      0.9447907       1.653926    
  0.7898567      0.9580090       1.677693    
  0.7897502      0.9715721       1.701837    
  0.7894784      0.9854780       1.726335    
  0.7890445      0.9997246       1.751167    
  0.7884521       1.014309       1.776310    
  0.7877052       1.029229       1.801741    
  0.7868078       1.044481       1.827438    
  0.7857643       1.060061       1.853379    
  0.7845794       1.075966       1.879541    
  0.7832581       1.092191       1.905901    
  0.7818056       1.108731       1.932436    
  0.7802273       1.125582       1.959123    
  0.7785290       1.142738       1.985940    
  0.7767167       1.160194       2.012864    
  0.7747965       1.177943       2.039872    
  0.7727750       1.195979       2.066941    
  0.7706587       1.214294       2.094049    
  0.7684546       1.232883       2.121174    
  0.7661697       1.251736       2.148292    
  0.7638114       1.270847       2.175383    
  0.7613871       1.290206       2.202423    
  0.7589045       1.309804       2.229392    
  0.7563713       1.329633       2.256267    
  0.7537956       1.349684       2.283028    
  0.7511855       1.369945       2.309654    
  0.7485493       1.390407       2.336124    
  0.7458954       1.411058       2.362418    
  0.7432322       1.431889       2.388515    
  0.7405683       1.452888       2.414397    
  0.7379125       1.474042       2.440043    
  0.7352734       1.495340       2.465436    
  0.7326599       1.516769       2.490557    
  0.7300808       1.538317       2.515387    
  0.7275451       1.559970       2.539909    
  0.7250615       1.581716       2.564106    
  0.7226391       1.603541       2.587962    
  0.7202867       1.625430       2.611459    
  0.7180130       1.647370       2.634583    
  0.7158271       1.669346       2.657319    
  0.7137375       1.691344       2.679651    
  0.7117531       1.713348       2.701565    
  0.7098824       1.735344       2.723048    
  0.7081338       1.757316       2.744087    
  0.7065157       1.779250       2.764669    
  0.7050363       1.801129       2.784781    
  0.7037038       1.822938       2.804414    
  0.7025260       1.844661       2.823555    
  0.7015107       1.866281       2.842195    
  0.7006653       1.887784       2.860322    
  0.6999972       1.909153       2.877930    
  0.6995136       1.930371       2.895008    
  0.6992212       1.951423       2.911548    
  0.6991266       1.972293       2.927544    
  0.6992362       1.992963       2.942988    
  0.6995561       2.013419       2.957873    
  0.7000918       2.033644       2.972194    
  0.7008491       2.053622       2.985946    
  0.7018328       2.073338       2.999124    
  0.7030478       2.092774       3.011724    
  0.7044986       2.111917       3.023742    
  0.7061892       2.130749       3.035175    
  0.7081234       2.149257       3.046021    
