  0.7500000       1.500000       2.250000    
  0.7501562       1.500000       2.250000    
  0.7506239       1.500000       2.250000    
  0.7514002       1.500000       2.250000    
  0.7524802       1.500002       2.250000    
  0.7538579       1.500004       2.250000    
  0.7555255       1.500009       2.250000    
  0.7574738       1.500018       2.250000    
  0.7596921       1.500031       2.250000    
  0.7621682       1.500050       2.250000    
  0.7648886       1.500077       2.250000    
  0.7678385       1.500112       2.250000    
  0.7710018       1.500159       2.250000    
  0.7743613       1.500219       2.250000    
  0.7778984       1.500293       2.250001    
  0.7815940       1.500385       2.250001    
  0.7854277       1.500496       2.250002    
  0.7893782       1.500628       2.250003    
  0.7934236       1.500784       2.250005    
  0.7975413       1.500966       2.250007    
  0.8017082       1.501177       2.250009    
  0.8059005       1.501419       2.250013    
  0.8100944       1.501694       2.250017    
  0.8142654       1.502004       2.250022    
  0.8183893       1.502352       2.250029    
  0.8224415       1.502740       2.250036    
  0.8263977       1.503169       2.250046    
  0.8302337       1.503643       2.250057    
  0.8339255       1.504162       2.250071    
  0.8374496       1.504729       2.250087    
  0.8407829       1.505344       2.250106    
  0.8439029       1.506010       2.250129    
  0.8467881       1.506726       2.250154    
  0.8494173       1.507496       2.250184    
  0.8517706       1.508318       2.250218    
  0.8538288       1.509193       2.250257    
  0.8555741       1.510122       2.250302    
  0.8569894       1.511105       2.250353    
  0.8580594       1.512141       2.250410    
  0.8587697       1.513229       2.250474    
  0.8591075       1.514370       2.250546    
  0.8590613       1.515561       2.250626    
  0.8586212       1.516801       2.250715    
  0.8577790       1.518088       2.250813    
  0.8565277       1.519421       2.250922    
  0.8548625       1.520797       2.251042    
  0.8527799       1.522214       2.251173    
  0.8502782       1.523667       2.251318    
  0.8473576       1.525155       2.251475    
  0.8440198       1.526672       2.251646    
  0.8402684       1.528217       2.251831    
  0.8361087       1.529784       2.252032    
  0.8315479       1.531368       2.252249    
  0.8265947       1.532966       2.252483    
  0.8212596       1.534572       2.252734    
  0.8155549       1.536182       2.253004    
  0.8094943       1.537789       2.253292    
  0.8030934       1.539388       2.253600    
  0.7963691       1.540973       2.253928    
  0.7893400       1.542538       2.254277    
  0.7820259       1.544078       2.254647    
  0.7744481       1.545586       2.255038    
  0.7666292       1.547055       2.255452    
  0.7585931       1.548478       2.255889    
  0.7503645       1.549851       2.256348    
  0.7419696       1.551165       2.256831    
  0.7334351       1.552415       2.257337    
  0.7247888       1.553593       2.257867    
  0.7160591       1.554694       2.258420    
  0.7072753       1.555710       2.258997    
  0.6984669       1.556635       2.259598    
  0.6896639       1.557464       2.260222    
  0.6808968       1.558189       2.260870    
  0.6721961       1.558805       2.261540    
  0.6635923       1.559306       2.262232    
  0.6551161       1.559687       2.262947    
  0.6467978       1.559941       2.263682    
  0.6386676       1.560065       2.264438    
  0.6307551       1.560053       2.265213    
  0.6230896       1.559901       2.266007    
  0.6156996       1.559605       2.266818    
  0.6086129       1.559160       2.267646    
  0.6018565       1.558564       2.268488    
  0.5954564       1.557814       2.269344    
  0.5894374       1.556907       2.270212    
  0.5838235       1.555841       2.271091    
  0.5786370       1.554615       2.271978    
  0.5738991       1.553226       2.272871    
  0.5696296       1.551675       2.273770    
  0.5658466       1.549962       2.274671    
  0.5625666       1.548086       2.275572    
  0.5598046       1.546049       2.276471    
  0.5575736       1.543852       2.277367    
  0.5558852       1.541497       2.278255    
  0.5547487       1.538986       2.279134    
  0.5541719       1.536323       2.280001    
  0.5541603       1.533510       2.280853    
  0.5547178       1.530553       2.281688    
  0.5558460       1.527454       2.282502    
  0.5575446       1.524220       2.283293    
  0.5598115       1.520856       2.284057    
  0.5626424       1.517369       2.284791    
  0.5660309       1.513764       2.285493    
  0.5699687       1.510050       2.286160    
  0.5744456       1.506232       2.286787    
  0.5794494       1.502320       2.287372    
  0.5849661       1.498322       2.287912    
  0.5909796       1.494246       2.288404    
  0.5974721       1.490102       2.288844    
  0.6044243       1.485899       2.289229    
  0.6118149       1.481647       2.289557    
  0.6196210       1.477357       2.289823    
  0.6278183       1.473038       2.290025    
  0.6363810       1.468701       2.290161    
  0.6452820       1.464358       2.290227    
  0.6544929       1.460019       2.290220    
  0.6639839       1.455695       2.290138    
  0.6737244       1.451398       2.289978    
  0.6836829       1.447139       2.289738    
  0.6938267       1.442929       2.289415    
  0.7041228       1.438780       2.289007    
  0.7145373       1.434704       2.288512    
  0.7250359       1.430711       2.287928    
  0.7355839       1.426812       2.287253    
  0.7461464       1.423020       2.286486    
  0.7566883       1.419344       2.285625    
  0.7671747       1.415796       2.284669    
  0.7775705       1.412385       2.283617    
  0.7878413       1.409122       2.282469    
  0.7979528       1.406016       2.281222    
  0.8078712       1.403078       2.279878    
  0.8175634       1.400316       2.278436    
  0.8269972       1.397739       2.276896    
  0.8361410       1.395354       2.275259    
  0.8449645       1.393170       2.273525    
  0.8534382       1.391194       2.271694    
  0.8615339       1.389432       2.269768    
  0.8692249       1.387890       2.267748    
  0.8764856       1.386574       2.265636    
  0.8832923       1.385489       2.263433    
  0.8896223       1.384639       2.261142    
  0.8954552       1.384028       2.258765    
  0.9007721       1.383658       2.256304    
  0.9055558       1.383532       2.253762    
  0.9097911       1.383652       2.251144    
  0.9134646       1.384017       2.248451    
  0.9165652       1.384629       2.245687    
  0.9190835       1.385486       2.242856    
  0.9210123       1.386589       2.239963    
  0.9223465       1.387933       2.237011    
  0.9230831       1.389518       2.234006    
  0.9232211       1.391339       2.230951    
  0.9227619       1.393392       2.227853    
  0.9217086       1.395673       2.224715    
  0.9200668       1.398176       2.221543    
  0.9178439       1.400895       2.218344    
  0.9150495       1.403823       2.215122    
  0.9116952       1.406953       2.211883    
  0.9077945       1.410277       2.208634    
  0.9033630       1.413786       2.205381    
  0.8984178       1.417470       2.202129    
  0.8929783       1.421321       2.198886    
  0.8870651       1.425328       2.195657    
  0.8807008       1.429479       2.192450    
  0.8739095       1.433765       2.189270    
  0.8667167       1.438173       2.186126    
  0.8591495       1.442692       2.183022    
  0.8512358       1.447308       2.179966    
  0.8430052       1.452010       2.176965    
  0.8344880       1.456785       2.174025    
  0.8257158       1.461619       2.171153    
  0.8167206       1.466499       2.168355    
  0.8075355       1.471411       2.165639    
  0.7981939       1.476343       2.163010    
  0.7887298       1.481280       2.160475    
  0.7791778       1.486209       2.158041    
  0.7695722       1.491115       2.155713    
  0.7599477       1.495986       2.153497    
  0.7503389       1.500808       2.151399    
  0.7407803       1.505568       2.149426    
  0.7313060       1.510252       2.147581    
  0.7219496       1.514847       2.145871    
  0.7127444       1.519341       2.144300    
  0.7037228       1.523721       2.142874    
  0.6949165       1.527976       2.141596    
  0.6863565       1.532094       2.140472    
  0.6780724       1.536063       2.139504    
  0.6700929       1.539873       2.138697    
  0.6624454       1.543513       2.138055    
  0.6551560       1.546974       2.137579    
  0.6482493       1.550247       2.137274    
  0.6417487       1.553323       2.137141    
  0.6356755       1.556194       2.137182    
  0.6300497       1.558852       2.137400    
  0.6248895       1.561292       2.137795    
  0.6202111       1.563506       2.138369    
  0.6160291       1.565490       2.139122    
  0.6123559       1.567239       2.140055    
  0.6092023       1.568749       2.141168    
  0.6065769       1.570016       2.142459    
  0.6044860       1.571039       2.143929    
  0.6029345       1.571816       2.145576    
  0.6019248       1.572346       2.147399    
  0.6014572       1.572628       2.149395    
  0.6015303       1.572664       2.151562    
  0.6021404       1.572455       2.153898    
  0.6032817       1.572002       2.156399    
  0.6049467       1.571309       2.159062    
  0.6071258       1.570379       2.161884    
  0.6098074       1.569216       2.164860    
  0.6129782       1.567826       2.167986    
  0.6166228       1.566214       2.171256    
  0.6207244       1.564387       2.174667    
  0.6252645       1.562351       2.178212    
  0.6302226       1.560114       2.181886    
  0.6355771       1.557684       2.185682    
  0.6413049       1.555071       2.189595    
  0.6473812       1.552283       2.193619    
  0.6537806       1.549330       2.197745    
  0.6604759       1.546222       2.201967    
  0.6674393       1.542970       2.206279    
  0.6746420       1.539586       2.210672    
  0.6820542       1.536081       2.215139    
  0.6896456       1.532466       2.219672    
  0.6973853       1.528754       2.224264    
  0.7052418       1.524956       2.228905    
  0.7131836       1.521087       2.233589    
  0.7211787       1.517157       2.238306    
  0.7291950       1.513181       2.243049    
  0.7372007       1.509171       2.247808    
  0.7451639       1.505140       2.252577    
  0.7530532       1.501102       2.257345    
  0.7608374       1.497068       2.262104    
  0.7684861       1.493053       2.266847    
  0.7759694       1.489068       2.271564    
  0.7832580       1.485127       2.276248    
  0.7903238       1.481241       2.280889    
  0.7971395       1.477424       2.285480    
  0.8036788       1.473686       2.290013    
  0.8099169       1.470040       2.294479    
  0.8158300       1.466497       2.298870    
  0.8213958       1.463067       2.303180    
  0.8265933       1.459762       2.307400    
  0.8314033       1.456591       2.311523    
  0.8358080       1.453563       2.315542    
  0.8397915       1.450688       2.319450    
  0.8433393       1.447975       2.323240    
  0.8464389       1.445430       2.326906    
  0.8490796       1.443063       2.330442    
  0.8512527       1.440879       2.333842    
  0.8529511       1.438885       2.337099    
  0.8541700       1.437086       2.340210    
  0.8549061       1.435487       2.343168    
  0.8551586       1.434093       2.345970    
  0.8549281       1.432907       2.348610    
  0.8542176       1.431933       2.351085    
  0.8530316       1.431172       2.353391    
  0.8513770       1.430626       2.355525    
  0.8492621       1.430296       2.357484    
  0.8466973       1.430183       2.359264    
  0.8436949       1.430286       2.360864    
  0.8402686       1.430605       2.362282    
  0.8364342       1.431136       2.363516    
  0.8322088       1.431879       2.364565    
  0.8276113       1.432831       2.365428    
  0.8226618       1.433987       2.366105    
  0.8173822       1.435343       2.366595    
  0.8117952       1.436896       2.366899    
  0.8059253       1.438639       2.367018    
  0.7997975       1.440567       2.366951    
  0.7934384       1.442674       2.366702    
  0.7868751       1.444953       2.366270    
  0.7801358       1.447396       2.365659    
  0.7732491       1.449997       2.364870    
  0.7662445       1.452746       2.363906    
  0.7591517       1.455636       2.362771    
  0.7520009       1.458657       2.361466    
  0.7448226       1.461802       2.359996    
  0.7376471       1.465059       2.358365    
  0.7305049       1.468421       2.356576    
  0.7234265       1.471876       2.354635    
  0.7164419       1.475415       2.352545    
  0.7095809       1.479028       2.350311    
  0.7028726       1.482705       2.347939    
  0.6963458       1.486435       2.345433    
  0.6900284       1.490208       2.342800    
  0.6839474       1.494014       2.340044    
  0.6781290       1.497843       2.337173    
  0.6725984       1.501683       2.334190    
  0.6673796       1.505526       2.331104    
  0.6624954       1.509361       2.327920    
  0.6579672       1.513178       2.324644    
  0.6538150       1.516968       2.321283    
  0.6500576       1.520721       2.317843    
  0.6467120       1.524428       2.314332    
  0.6437936       1.528081       2.310755    
  0.6413162       1.531669       2.307120    
  0.6392918       1.535186       2.303434    
  0.6377307       1.538622       2.299702    
  0.6366413       1.541972       2.295933    
  0.6360304       1.545226       2.292132    
  0.6359025       1.548379       2.288307    
  0.6362607       1.551424       2.284465    
  0.6371058       1.554355       2.280611    
  0.6384369       1.557167       2.276753    
  0.6402511       1.559854       2.272898    
  0.6425438       1.562412       2.269051    
  0.6453083       1.564836       2.265220    
  0.6485363       1.567124       2.261410    
  0.6522174       1.569271       2.257627    
  0.6563398       1.571275       2.253879    
  0.6608897       1.573134       2.250170    
  0.6658517       1.574845       2.246507    
  0.6712087       1.576408       2.242895    
  0.6769425       1.577822       2.239340    
  0.6830328       1.579086       2.235846    
  0.6894584       1.580201       2.232420    
  0.6961967       1.581166       2.229066    
  0.7032236       1.581983       2.225789    
  0.7105143       1.582653       2.222594    
  0.7180427       1.583178       2.219484    
  0.7257818       1.583560       2.216465    
  0.7337039       1.583801       2.213539    
  0.7417806       1.583904       2.210712    
  0.7499827       1.583872       2.207987    
  0.7582808       1.583710       2.205366    
  0.7666447       1.583420       2.202853    
  0.7750445       1.583006       2.200452    
  0.7834498       1.582474       2.198165    
  0.7918301       1.581826       2.195994    
  0.8001554       1.581069       2.193941    
  0.8083955       1.580207       2.192010    
  0.8165208       1.579245       2.190201    
  0.8245018       1.578188       2.188516    
  0.8323100       1.577041       2.186957    
  0.8399173       1.575810       2.185526    
  0.8472964       1.574500       2.184222    
  0.8544209       1.573116       2.183047    
  0.8612653       1.571665       2.182002    
  0.8678053       1.570151       2.181086    
  0.8740177       1.568580       2.180300    
  0.8798804       1.566957       2.179645    
  0.8853729       1.565288       2.179119    
  0.8904759       1.563577       2.178723    
  0.8951718       1.561831       2.178456    
  0.8994443       1.560053       2.178316    
  0.9032789       1.558248       2.178304    
  0.9066625       1.556422       2.178418    
  0.9095840       1.554578       2.178657    
  0.9120340       1.552722       2.179019    
  0.9140046       1.550856       2.179503    
  0.9154900       1.548986       2.180106    
  0.9164862       1.547114       2.180828    
  0.9169908       1.545244       2.181666    
  0.9170035       1.543379       2.182617    
  0.9165257       1.541522       2.183680    
  0.9155607       1.539676       2.184852    
  0.9141135       1.537843       2.186130    
  0.9121909       1.536026       2.187511    
  0.9098015       1.534226       2.188994    
  0.9069557       1.532445       2.190573    
  0.9036654       1.530685       2.192248    
  0.8999442       1.528946       2.194014    
  0.8958073       1.527230       2.195868    
  0.8912714       1.525537       2.197806    
  0.8863543       1.523868       2.199826    
  0.8810757       1.522223       2.201924    
  0.8754562       1.520602       2.204095    
  0.8695177       1.519005       2.206337    
  0.8632831       1.517432       2.208645    
  0.8567765       1.515882       2.211016    
  0.8500227       1.514354       2.213446    
  0.8430474       1.512849       2.215930    
  0.8358771       1.511364       2.218465    
  0.8285387       1.509899       2.221046    
  0.8210597       1.508453       2.223670    
  0.8134680       1.507024       2.226332    
  0.8057916       1.505611       2.229028    
  0.7980589       1.504213       2.231754    
  0.7902982       1.502828       2.234505    
  0.7825378       1.501455       2.237277    
  0.7748056       1.500093       2.240066    
  0.7671295       1.498740       2.242868    
  0.7595369       1.497395       2.245677    
  0.7520545       1.496056       2.248491    
  0.7447087       1.494723       2.251304    
  0.7375249       1.493394       2.254112    
  0.7305278       1.492067       2.256911    
  0.7237412       1.490743       2.259696    
  0.7171879       1.489420       2.262463    
  0.7108895       1.488097       2.265208    
  0.7048666       1.486775       2.267927    
  0.6991384       1.485451       2.270615    
  0.6937228       1.484128       2.273268    
  0.6886362       1.482803       2.275882    
  0.6838939       1.481477       2.278453    
  0.6795092       1.480151       2.280976    
  0.6754941       1.478825       2.283449    
  0.6718590       1.477500       2.285866    
  0.6686125       1.476177       2.288225    
  0.6657618       1.474856       2.290521    
  0.6633122       1.473539       2.292751    
  0.6612672       1.472228       2.294910    
  0.6596288       1.470925       2.296996    
  0.6583971       1.469630       2.299005    
  0.6575706       1.468347       2.300934    
  0.6571460       1.467077       2.302779    
  0.6571183       1.465823       2.304538    
  0.6574810       1.464588       2.306207    
  0.6582257       1.463375       2.307784    
  0.6593426       1.462186       2.309266    
  0.6608205       1.461024       2.310649    
  0.6626463       1.459894       2.311933    
  0.6648058       1.458798       2.313114    
  0.6672832       1.457739       2.314191    
  0.6700617       1.456722       2.315161    
  0.6731230       1.455749       2.316022    
  0.6764477       1.454825       2.316773    
  0.6800155       1.453954       2.317412    
  0.6838049       1.453138       2.317938    
  0.6877937       1.452381       2.318350    
  0.6919589       1.451689       2.318647    
  0.6962767       1.451063       2.318827    
  0.7007228       1.450508       2.318891    
  0.7052724       1.450027       2.318838    
  0.7099004       1.449623       2.318668    
  0.7145814       1.449301       2.318380    
  0.7192898       1.449062       2.317975    
  0.7240000       1.448910       2.317453    
  0.7286866       1.448849       2.316815    
  0.7333241       1.448879       2.316061    
  0.7378874       1.449005       2.315193    
  0.7423521       1.449227       2.314211    
  0.7466938       1.449548       2.313117    
  0.7508891       1.449970       2.311913    
  0.7549150       1.450494       2.310600    
  0.7587496       1.451120       2.309180    
  0.7623718       1.451851       2.307656    
  0.7657614       1.452685       2.306029    
  0.7688995       1.453623       2.304303    
  0.7717681       1.454665       2.302480    
  0.7743506       1.455811       2.300563    
  0.7766317       1.457058       2.298555    
  0.7785976       1.458407       2.296460    
  0.7802358       1.459854       2.294280    
  0.7815353       1.461398       2.292020    
  0.7824867       1.463036       2.289683    
  0.7830824       1.464766       2.287274    
  0.7833161       1.466584       2.284796    
  0.7831834       1.468486       2.282253    
  0.7826815       1.470469       2.279651    
  0.7818094       1.472528       2.276993    
  0.7805678       1.474658       2.274283    
  0.7789591       1.476854       2.271528    
  0.7769874       1.479110       2.268731    
  0.7746585       1.481421       2.265898    
  0.7719800       1.483781       2.263033    
  0.7689611       1.486184       2.260142    
  0.7656125       1.488621       2.257230    
  0.7619469       1.491087       2.254301    
  0.7579780       1.493575       2.251361    
  0.7537214       1.496077       2.248416    
  0.7491940       1.498584       2.245470    
  0.7444141       1.501091       2.242529    
  0.7394013       1.503587       2.239598    
  0.7341763       1.506067       2.236682    
  0.7287612       1.508520       2.233787    
  0.7231789       1.510940       2.230917    
  0.7174535       1.513317       2.228078    
  0.7116097       1.515643       2.225275    
  0.7056732       1.517910       2.222512    
  0.6996702       1.520110       2.219795    
  0.6936276       1.522235       2.217128    
  0.6875727       1.524276       2.214517    
  0.6815332       1.526226       2.211965    
  0.6755368       1.528076       2.209476    
  0.6696115       1.529819       2.207057    
  0.6637854       1.531447       2.204709    
  0.6580863       1.532954       2.202438    
  0.6525418       1.534333       2.200247    
  0.6471792       1.535577       2.198139    
  0.6420253       1.536679       2.196119    
  0.6371063       1.537634       2.194189    
  0.6324478       1.538437       2.192353    
  0.6280745       1.539082       2.190612    
  0.6240104       1.539565       2.188970    
  0.6202782       1.539882       2.187430    
  0.6168997       1.540028       2.185992    
  0.6138954       1.540001       2.184660    
  0.6112847       1.539798       2.183434    
  0.6090853       1.539416       2.182317    
  0.6073138       1.538855       2.181308    
  0.6059849       1.538113       2.180410    
  0.6051120       1.537190       2.179623    
  0.6047067       1.536085       2.178947    
  0.6047789       1.534801       2.178382    
  0.6053368       1.533337       2.177929    
  0.6063865       1.531695       2.177587    
  0.6079326       1.529879       2.177355    
  0.6099776       1.527891       2.177233    
  0.6125221       1.525736       2.177219    
  0.6155649       1.523416       2.177313    
  0.6191026       1.520938       2.177511    
  0.6231301       1.518306       2.177814    
  0.6276404       1.515527       2.178218    
  0.6326244       1.512607       2.178722    
  0.6380712       1.509553       2.179323    
  0.6439680       1.506372       2.180018    
  0.6503003       1.503074       2.180805    
  0.6570515       1.499666       2.181680    
  0.6642036       1.496158       2.182641    
  0.6717369       1.492559       2.183683    
  0.6796299       1.488878       2.184804    
  0.6878595       1.485127       2.185999    
  0.6964015       1.481315       2.187265    
  0.7052301       1.477454       2.188598    
  0.7143180       1.473555       2.189993    
  0.7236370       1.469629       2.191447    
  0.7331578       1.465687       2.192955    
  0.7428499       1.461743       2.194513    
  0.7526822       1.457806       2.196117    
  0.7626225       1.453891       2.197761    
  0.7726381       1.450009       2.199442    
  0.7826958       1.446171       2.201155    
  0.7927619       1.442391       2.202895    
  0.8028025       1.438680       2.204658    
  0.8127834       1.435050       2.206439    
  0.8226705       1.431514       2.208235    
  0.8324295       1.428083       2.210040    
  0.8420266       1.424768       2.211849    
  0.8514282       1.421580       2.213660    
  0.8606012       1.418532       2.215467    
  0.8695131       1.415633       2.217266    
  0.8781319       1.412894       2.219053    
  0.8864267       1.410324       2.220824    
  0.8943675       1.407934       2.222576    
  0.9019250       1.405732       2.224305    
  0.9090716       1.403727       2.226007    
  0.9157804       1.401927       2.227678    
  0.9220265       1.400339       2.229316    
  0.9277859       1.398971       2.230917    
  0.9330364       1.397828       2.232480    
  0.9377577       1.396916       2.234000    
  0.9419307       1.396241       2.235476    
  0.9455386       1.395807       2.236905    
  0.9485661       1.395617       2.238285    
  0.9510001       1.395674       2.239614    
  0.9528294       1.395981       2.240892    
  0.9540447       1.396540       2.242115    
  0.9546390       1.397350       2.243284    
  0.9546073       1.398413       2.244397    
  0.9539468       1.399727       2.245453    
  0.9526566       1.401292       2.246453    
  0.9507384       1.403104       2.247395    
  0.9481958       1.405162       2.248279    
  0.9450344       1.407461       2.249107    
  0.9412622       1.409997       2.249877    
  0.9368894       1.412766       2.250592    
  0.9319279       1.415761       2.251251    
  0.9263920       1.418975       2.251856    
  0.9202978       1.422403       2.252408    
  0.9136636       1.426036       2.252908    
  0.9065092       1.429865       2.253359    
  0.8988566       1.433882       2.253761    
  0.8907294       1.438078       2.254118    
  0.8821529       1.442441       2.254430    
  0.8731539       1.446962       2.254701    
  0.8637607       1.451630       2.254933    
  0.8540031       1.456432       2.255128    
  0.8439121       1.461356       2.255290    
  0.8335199       1.466391       2.255421    
  0.8228598       1.471524       2.255524    
  0.8119661       1.476742       2.255602    
  0.8008738       1.482031       2.255659    
  0.7896187       1.487378       2.255698    
  0.7782370       1.492768       2.255721    
  0.7667657       1.498190       2.255733    
  0.7552419       1.503627       2.255737    
  0.7437028       1.509067       2.255735    
  0.7321860       1.514495       2.255733    
  0.7207286       1.519898       2.255732    
  0.7093679       1.525261       2.255736    
  0.6981407       1.530570       2.255749    
  0.6870832       1.535813       2.255774    
  0.6762312       1.540975       2.255814    
  0.6656197       1.546043       2.255872    
  0.6552830       1.551004       2.255952    
  0.6452542       1.555846       2.256056    
  0.6355655       1.560557       2.256188    
  0.6262479       1.565124       2.256350    
  0.6173311       1.569536       2.256544    
  0.6088433       1.573783       2.256774    
  0.6008112       1.577853       2.257041    
  0.5932602       1.581737       2.257349    
  0.5862136       1.585425       2.257699    
  0.5796933       1.588908       2.258092    
  0.5737191       1.592179       2.258530    
  0.5683091       1.595230       2.259016    
  0.5634792       1.598054       2.259550    
  0.5592437       1.600644       2.260134    
  0.5556144       1.602995       2.260767    
  0.5526012       1.605103       2.261452    
  0.5502118       1.606963       2.262188    
  0.5484520       1.608572       2.262976    
  0.5473251       1.609927       2.263815    
  0.5468324       1.611026       2.264706    
  0.5469730       1.611869       2.265648    
  0.5477439       1.612454       2.266641    
  0.5491397       1.612783       2.267683    
  0.5511532       1.612856       2.268773    
  0.5537750       1.612675       2.269910    
  0.5569935       1.612244       2.271093    
  0.5607954       1.611564       2.272320    
  0.5651652       1.610640       2.273589    
  0.5700856       1.609477       2.274898    
  0.5755376       1.608080       2.276243    
  0.5815002       1.606455       2.277624    
  0.5879509       1.604609       2.279037    
  0.5948657       1.602549       2.280479    
  0.6022189       1.600283       2.281947    
  0.6099837       1.597818       2.283437    
  0.6181319       1.595165       2.284947    
  0.6266339       1.592332       2.286473    
  0.6354594       1.589329       2.288011    
  0.6445769       1.586167       2.289558    
  0.6539543       1.582855       2.291109    
  0.6635585       1.579406       2.292660    
  0.6733562       1.575830       2.294207    
  0.6833132       1.572139       2.295747    
  0.6933953       1.568344       2.297275    
  0.7035679       1.564458       2.298786    
  0.7137964       1.560493       2.300277    
  0.7240463       1.556462       2.301742    
  0.7342831       1.552375       2.303178    
  0.7444729       1.548247       2.304581    
  0.7545819       1.544089       2.305945    
  0.7645770       1.539914       2.307267    
  0.7744257       1.535733       2.308542    
  0.7840964       1.531560       2.309767    
  0.7935582       1.527406       2.310936    
  0.8027814       1.523284       2.312047    
  0.8117372       1.519204       2.313094    
  0.8203983       1.515178       2.314075    
  0.8287383       1.511217       2.314984    
  0.8367324       1.507332       2.315820    
  0.8443575       1.503533       2.316578    
  0.8515916       1.499831       2.317255    
  0.8584147       1.496235       2.317847    
  0.8648082       1.492753       2.318353    
  0.8707555       1.489395       2.318768    
  0.8762416       1.486169       2.319091    
  0.8812535       1.483083       2.319319    
  0.8857799       1.480143       2.319449    
  0.8898116       1.477356       2.319480    
  0.8933413       1.474728       2.319411    
  0.8963636       1.472266       2.319238    
  0.8988749       1.469973       2.318961    
  0.9008738       1.467853       2.318580    
  0.9023609       1.465912       2.318093    
  0.9033386       1.464150       2.317499    
  0.9038110       1.462572       2.316798    
  0.9037845       1.461178       2.315990    
  0.9032670       1.459971       2.315076    
  0.9022685       1.458950       2.314055    
  0.9008006       1.458116       2.312928    
  0.8988764       1.457468       2.311696    
  0.8965110       1.457005       2.310361    
  0.8937208       1.456725       2.308923    
  0.8905238       1.456626       2.307385    
  0.8869393       1.456705       2.305747    
  0.8829882       1.456959       2.304013    
  0.8786921       1.457383       2.302184    
  0.8740742       1.457974       2.300264    
  0.8691586       1.458727       2.298254    
  0.8639702       1.459635       2.296158    
  0.8585349       1.460695       2.293979    
  0.8528792       1.461899       2.291721    
  0.8470302       1.463241       2.289387    
  0.8410156       1.464715       2.286980    
  0.8348634       1.466312       2.284505    
  0.8286017       1.468027       2.281965    
  0.8222591       1.469850       2.279366    
  0.8158638       1.471775       2.276711    
  0.8094442       1.473793       2.274006    
  0.8030285       1.475896       2.271253    
  0.7966444       1.478076       2.268459    
  0.7903193       1.480323       2.265629    
  0.7840800       1.482631       2.262766    
  0.7779527       1.484989       2.259876    
  0.7719628       1.487390       2.256965    
  0.7661349       1.489824       2.254037    
  0.7604924       1.492284       2.251098    
  0.7550581       1.494761       2.248153    
  0.7498533       1.497246       2.245206    
  0.7448982       1.499731       2.242264    
  0.7402118       1.502209       2.239332    
  0.7358117       1.504672       2.236414    
  0.7317140       1.507111       2.233516    
  0.7279332       1.509519       2.230643    
  0.7244824       1.511889       2.227800    
  0.7213733       1.514215       2.224992    
  0.7186155       1.516489       2.222225    
  0.7162174       1.518706       2.219503    
  0.7141853       1.520859       2.216830    
  0.7125241       1.522943       2.214212    
  0.7112367       1.524952       2.211653    
  0.7103246       1.526882       2.209158    
  0.7097872       1.528728       2.206730    
  0.7096226       1.530485       2.204375    
  0.7098266       1.532151       2.202096    
  0.7103939       1.533721       2.199897    
  0.7113172       1.535193       2.197781    
  0.7125877       1.536564       2.195753    
  0.7141949       1.537832       2.193815    
  0.7161270       1.538995       2.191972    
  0.7183705       1.540051       2.190225    
  0.7209107       1.541001       2.188578    
  0.7237313       1.541843       2.187034    
  0.7268149       1.542576       2.185594    
  0.7301430       1.543201       2.184262    
  0.7336957       1.543719       2.183039    
  0.7374523       1.544130       2.181927    
  0.7413912       1.544435       2.180928    
  0.7454897       1.544636       2.180043    
  0.7497246       1.544735       2.179273    
  0.7540721       1.544733       2.178620    
  0.7585076       1.544634       2.178084    
  0.7630063       1.544439       2.177666    
  0.7675431       1.544151       2.177366    
  0.7720926       1.543773       2.177184    
  0.7766292       1.543309       2.177121    
  0.7811275       1.542762       2.177176    
  0.7855622       1.542135       2.177349    
  0.7899080       1.541433       2.177639    
  0.7941403       1.540658       2.178046    
  0.7982346       1.539816       2.178568    
  0.8021674       1.538908       2.179204    
  0.8059152       1.537941       2.179953    
  0.8094559       1.536917       2.180813    
  0.8127679       1.535841       2.181783    
  0.8158305       1.534717       2.182860    
  0.8186244       1.533549       2.184044    
  0.8211309       1.532340       2.185330    
  0.8233330       1.531095       2.186718    
  0.8252147       1.529818       2.188205    
  0.8267615       1.528511       2.189787    
  0.8279600       1.527179       2.191462    
  0.8287987       1.525826       2.193228    
  0.8292674       1.524454       2.195081    
  0.8293574       1.523067       2.197017    
  0.8290618       1.521667       2.199035    
  0.8283753       1.520258       2.201130    
  0.8272941       1.518842       2.203298    
  0.8258164       1.517422       2.205537    
  0.8239418       1.516000       2.207842    
  0.8216720       1.514577       2.210209    
  0.8190099       1.513156       2.212636    
  0.8159606       1.511739       2.215118    
  0.8125306       1.510326       2.217650    
  0.8087282       1.508920       2.220230    
  0.8045632       1.507520       2.222852    
  0.8000472       1.506129       2.225513    
  0.7951932       1.504745       2.228209    
  0.7900159       1.503371       2.230934    
  0.7845314       1.502005       2.233686    
  0.7787569       1.500648       2.236459    
  0.7727115       1.499300       2.239249    
  0.7664151       1.497960       2.242053    
  0.7598889       1.496629       2.244865    
  0.7531554       1.495304       2.247682    
  0.7462378       1.493986       2.250498    
  0.7391605       1.492673       2.253310    
  0.7319487       1.491365       2.256114    
  0.7246281       1.490060       2.258904    
  0.7172253       1.488758       2.261677    
  0.7097672       1.487456       2.264428    
  0.7022812       1.486154       2.267154    
  0.6947953       1.484850       2.269849    
  0.6873372       1.483543       2.272511    
  0.6799349       1.482231       2.275133    
  0.6726166       1.480914       2.277713    
  0.6654100       1.479589       2.280247    
  0.6583427       1.478256       2.282730    
  0.6514421       1.476913       2.285158    
  0.6447348       1.475560       2.287529    
  0.6382471       1.474194       2.289836    
  0.6320046       1.472816       2.292078    
  0.6260318       1.471424       2.294250    
  0.6203527       1.470019       2.296350    
  0.6149902       1.468598       2.298372    
  0.6099659       1.467163       2.300314    
  0.6053005       1.465713       2.302173    
  0.6010134       1.464247       2.303946    
  0.5971224       1.462767       2.305628    
  0.5936443       1.461272       2.307218    
  0.5905942       1.459764       2.308712    
  0.5879855       1.458244       2.310107    
  0.5858303       1.456711       2.311401    
  0.5841389       1.455169       2.312591    
  0.5829199       1.453618       2.313675    
  0.5821801       1.452060       2.314650    
  0.5819246       1.450498       2.315515    
  0.5821568       1.448933       2.316266    
  0.5828781       1.447369       2.316903    
  0.5840881       1.445807       2.317423    
  0.5857847       1.444252       2.317825    
  0.5879640       1.442706       2.318107    
  0.5906200       1.441173       2.318269    
  0.5937451       1.439657       2.318308    
  0.5973300       1.438161       2.318224    
  0.6013636       1.436690       2.318016    
  0.6058329       1.435247       2.317684    
  0.6107236       1.433837       2.317226    
  0.6160194       1.432465       2.316643    
  0.6217027       1.431135       2.315935    
  0.6277545       1.429853       2.315101    
  0.6341541       1.428622       2.314142    
  0.6408798       1.427448       2.313057    
  0.6479083       1.426336       2.311849    
  0.6552153       1.425291       2.310517    
  0.6627756       1.424318       2.309063    
  0.6705627       1.423422       2.307488    
  0.6785494       1.422608       2.305793    
  0.6867077       1.421881       2.303979    
  0.6950090       1.421245       2.302049    
  0.7034239       1.420707       2.300005    
  0.7119229       1.420269       2.297849    
  0.7204758       1.419938       2.295584    
  0.7290524       1.419717       2.293211    
  0.7376224       1.419610       2.290734    
  0.7461554       1.419621       2.288155    
  0.7546213       1.419754       2.285479    
  0.7629899       1.420012       2.282708    
  0.7712319       1.420400       2.279846    
  0.7793179       1.420918       2.276897    
  0.7872195       1.421571       2.273865    
  0.7949089       1.422360       2.270755    
  0.8023589       1.423287       2.267569    
  0.8095436       1.424354       2.264314    
  0.8164376       1.425562       2.260993    
  0.8230171       1.426911       2.257613    
  0.8292593       1.428403       2.254177    
  0.8351426       1.430035       2.250690    
  0.8406469       1.431810       2.247160    
  0.8457535       1.433724       2.243590    
  0.8504453       1.435777       2.239987    
  0.8547068       1.437967       2.236356    
  0.8585240       1.440292       2.232703    
  0.8618847       1.442748       2.229035    
  0.8647786       1.445333       2.225357    
  0.8671971       1.448043       2.221675    
  0.8691333       1.450873       2.217997    
  0.8705823       1.453819       2.214328    
  0.8715410       1.456876       2.210674    
  0.8720084       1.460039       2.207043    
  0.8719852       1.463301       2.203440    
  0.8714740       1.466656       2.199873    
  0.8704795       1.470097       2.196347    
  0.8690079       1.473618       2.192870    
  0.8670676       1.477211       2.189448    
  0.8646685       1.480867       2.186087    
  0.8618227       1.484579       2.182795    
  0.8585437       1.488338       2.179576    
  0.8548467       1.492136       2.176439    
  0.8507487       1.495964       2.173388    
  0.8462679       1.499811       2.170431    
  0.8414245       1.503669       2.167573    
  0.8362397       1.507529       2.164820    
  0.8307362       1.511379       2.162179    
  0.8249378       1.515211       2.159654    
  0.8188697       1.519014       2.157252    
  0.8125578       1.522779       2.154978    
  0.8060291       1.526495       2.152837    
  0.7993116       1.530152       2.150834    
  0.7924339       1.533740       2.148974    
  0.7854250       1.537250       2.147261    
  0.7783148       1.540670       2.145700    
  0.7711332       1.543993       2.144295    
  0.7639108       1.547207       2.143049    
  0.7566779       1.550305       2.141967    
  0.7494650       1.553275       2.141052    
  0.7423027       1.556111       2.140306    
  0.7352211       1.558804       2.139732    
  0.7282501       1.561344       2.139333    
  0.7214193       1.563725       2.139110    
  0.7147573       1.565939       2.139066    
  0.7082925       1.567980       2.139202    
  0.7020523       1.569839       2.139519    
  0.6960631       1.571513       2.140018    
  0.6903505       1.572994       2.140700    
  0.6849388       1.574279       2.141563    
  0.6798512       1.575362       2.142609    
  0.6751097       1.576239       2.143836    
  0.6707346       1.576909       2.145244    
  0.6667452       1.577366       2.146830    
  0.6631588       1.577611       2.148594    
  0.6599913       1.577640       2.150534    
  0.6572568       1.577454       2.152646    
  0.6549680       1.577053       2.154929    
  0.6531353       1.576435       2.157378    
  0.6517677       1.575604       2.159992    
  0.6508722       1.574561       2.162765    
  0.6504536       1.573307       2.165693    
  0.6505153       1.571847       2.168773    
  0.6510584       1.570184       2.172000    
  0.6520821       1.568323       2.175368    
  0.6535837       1.566268       2.178872    
  0.6555586       1.564025       2.182507    
  0.6580002       1.561601       2.186265    
  0.6609001       1.559003       2.190143    
  0.6642479       1.556237       2.194132    
  0.6680314       1.553313       2.198225    
  0.6722367       1.550238       2.202418    
  0.6768480       1.547022       2.206701    
  0.6818480       1.543674       2.211067    
  0.6872177       1.540205       2.215510    
  0.6929365       1.536624       2.220021    
  0.6989824       1.532943       2.224592    
  0.7053321       1.529174       2.229216    
  0.7119609       1.525326       2.233884    
  0.7188429       1.521413       2.238588    
  0.7259511       1.517447       2.243319    
  0.7332576       1.513440       2.248070    
  0.7407334       1.509404       2.252832    
  0.7483491       1.505352       2.257596    
  0.7560742       1.501297       2.262354    
  0.7638779       1.497252       2.267097    
  0.7717290       1.493230       2.271817    
  0.7795959       1.489244       2.276506    
  0.7874468       1.485306       2.281155    
  0.7952499       1.481429       2.285755    
  0.8029736       1.477626       2.290300    
  0.8105862       1.473910       2.294780    
  0.8180564       1.470292       2.299187    
  0.8253536       1.466785       2.303515    
  0.8324474       1.463399       2.307755    
  0.8393082       1.460147       2.311899    
  0.8459073       1.457040       2.315942    
  0.8522168       1.454087       2.319875    
  0.8582099       1.451300       2.323691    
  0.8638608       1.448687       2.327386    
  0.8691449       1.446258       2.330951    
  0.8740392       1.444022       2.334382    
  0.8785218       1.441985       2.337672    
  0.8825725       1.440157       2.340816    
  0.8861727       1.438543       2.343809    
  0.8893052       1.437150       2.346647    
  0.8919548       1.435983       2.349324    
  0.8941081       1.435047       2.351837    
  0.8957533       1.434346       2.354182    
  0.8968809       1.433884       2.356356    
  0.8974830       1.433663       2.358355    
  0.8975538       1.433684       2.360177    
  0.8970895       1.433950       2.361820    
  0.8960884       1.434461       2.363282    
  0.8945508       1.435215       2.364561    
  0.8924789       1.436213       2.365657    
  0.8898772       1.437452       2.366568    
  0.8867520       1.438930       2.367294    
  0.8831118       1.440643       2.367835    
  0.8789670       1.442587       2.368192    
  0.8743299       1.444758       2.368365    
  0.8692147       1.447149       2.368355    
  0.8636376       1.449756       2.368164    
  0.8576165       1.452570       2.367794    
  0.8511711       1.455584       2.367247    
  0.8443227       1.458791       2.366526    
  0.8370943       1.462181       2.365633    
  0.8295103       1.465745       2.364572    
  0.8215965       1.469473       2.363346    
  0.8133802       1.473356       2.361960    
  0.8048897       1.477381       2.360416    
  0.7961548       1.481538       2.358721    
  0.7872059       1.485815       2.356878    
  0.7780744       1.490200       2.354892    
  0.7687928       1.494680       2.352770    
  0.7593939       1.499243       2.350515    
  0.7499113       1.503876       2.348134    
  0.7403789       1.508565       2.345633    
  0.7308308       1.513298       2.343017    
  0.7213016       1.518060       2.340294    
  0.7118257       1.522838       2.337469    
  0.7024374       1.527618       2.334549    
  0.6931710       1.532386       2.331540    
  0.6840602       1.537130       2.328450    
  0.6751384       1.541835       2.325284    
  0.6664383       1.546488       2.322051    
  0.6579922       1.551076       2.318757    
  0.6498313       1.555585       2.315409    
  0.6419858       1.560003       2.312014    
  0.6344849       1.564317       2.308578    
  0.6273568       1.568515       2.305110    
  0.6206282       1.572585       2.301616    
  0.6143246       1.576516       2.298103    
  0.6084699       1.580296       2.294577    
  0.6030866       1.583916       2.291046    
  0.5981954       1.587364       2.287516    
  0.5938153       1.590631       2.283993    
  0.5899636       1.593708       2.280485    
  0.5866557       1.596587       2.276998    
  0.5839050       1.599260       2.273536    
  0.5817230       1.601720       2.270108    
  0.5801192       1.603960       2.266718    
  0.5791011       1.605974       2.263372    
  0.5786740       1.607757       2.260076    
  0.5788411       1.609304       2.256835    
  0.5796037       1.610612       2.253654    
  0.5809607       1.611677       2.250537    
  0.5829091       1.612497       2.247489    
  0.5854437       1.613070       2.244515    
  0.5885572       1.613395       2.241618    
  0.5922404       1.613473       2.238803    
  0.5964817       1.613302       2.236073    
  0.6012680       1.612886       2.233431    
  0.6065839       1.612224       2.230880    
  0.6124123       1.611321       2.228424    
  0.6187341       1.610179       2.226064    
  0.6255287       1.608802       2.223803    
  0.6327736       1.607194       2.221642    
  0.6404449       1.605362       2.219584    
  0.6485171       1.603310       2.217631    
  0.6569632       1.601045       2.215782    
  0.6657551       1.598574       2.214039    
  0.6748632       1.595905       2.212403    
  0.6842571       1.593045       2.210874    
  0.6939053       1.590003       2.209452    
  0.7037752       1.586788       2.208137    
  0.7138339       1.583410       2.206929    
  0.7240474       1.579878       2.205827    
  0.7343814       1.576202       2.204830    
  0.7448013       1.572392       2.203937    
  0.7552720       1.568460       2.203147    
  0.7657586       1.564417       2.202458    
  0.7762258       1.560273       2.201869    
  0.7866387       1.556040       2.201378    
  0.7969625       1.551729       2.200983    
  0.8071628       1.547352       2.200681    
  0.8172058       1.542921       2.200471    
  0.8270581       1.538448       2.200349    
  0.8366873       1.533943       2.200314    
  0.8460616       1.529419       2.200362    
  0.8551503       1.524888       2.200490    
  0.8639237       1.520360       2.200696    
  0.8723533       1.515847       2.200977    
  0.8804120       1.511360       2.201328    
  0.8880738       1.506910       2.201747    
  0.8953145       1.502508       2.202231    
  0.9021111       1.498164       2.202777    
  0.9084424       1.493887       2.203380    
  0.9142889       1.489688       2.204038    
  0.9196329       1.485576       2.204746    
  0.9244583       1.481560       2.205503    
  0.9287512       1.477648       2.206303    
  0.9324994       1.473849       2.207144    
  0.9356926       1.470170       2.208023    
  0.9383226       1.466618       2.208935    
  0.9403832       1.463200       2.209877    
  0.9418702       1.459922       2.210847    
  0.9427813       1.456790       2.211840    
  0.9431165       1.453808       2.212855    
  0.9428777       1.450982       2.213886    
  0.9420685       1.448315       2.214933    
  0.9406949       1.445811       2.215991    
  0.9387646       1.443473       2.217057    
  0.9362875       1.441303       2.218129    
  0.9332749       1.439303       2.219204    
  0.9297404       1.437474       2.220280    
  0.9256989       1.435818       2.221354    
  0.9211674       1.434334       2.222424    
  0.9161643       1.433021       2.223487    
  0.9107095       1.431880       2.224541    
  0.9048245       1.430909       2.225585    
  0.8985322       1.430105       2.226615    
  0.8918565       1.429467       2.227632    
  0.8848228       1.428993       2.228632    
  0.8774574       1.428678       2.229614    
  0.8697878       1.428519       2.230578    
  0.8618420       1.428512       2.231521    
  0.8536490       1.428654       2.232442    
  0.8452386       1.428938       2.233341    
  0.8366407       1.429360       2.234215    
  0.8278860       1.429915       2.235066    
  0.8190054       1.430597       2.235891    
  0.8100297       1.431400       2.236691    
  0.8009903       1.432318       2.237464    
  0.7919180       1.433345       2.238211    
  0.7828437       1.434474       2.238931    
  0.7737980       1.435699       2.239624    
  0.7648112       1.437012       2.240289    
  0.7559126       1.438408       2.240927    
  0.7471315       1.439878       2.241538    
  0.7384959       1.441416       2.242122    
  0.7300335       1.443016       2.242679    
  0.7217705       1.444669       2.243210    
  0.7137326       1.446370       2.243714    
  0.7059439       1.448112       2.244193    
  0.6984277       1.449887       2.244647    
  0.6912057       1.451689       2.245075    
  0.6842984       1.453512       2.245481    
  0.6777247       1.455348       2.245862    
  0.6715022       1.457193       2.246221    
  0.6656467       1.459040       2.246558    
  0.6601727       1.460883       2.246873    
  0.6550927       1.462717       2.247168    
  0.6504177       1.464537       2.247443    
  0.6461571       1.466336       2.247699    
  0.6423182       1.468112       2.247937    
  0.6389068       1.469859       2.248158    
  0.6359268       1.471572       2.248362    
  0.6333806       1.473249       2.248551    
  0.6312684       1.474885       2.248724    
  0.6295889       1.476478       2.248884    
  0.6283390       1.478024       2.249030    
  0.6275139       1.479521       2.249163    
  0.6271072       1.480966       2.249285    
  0.6271107       1.482358       2.249396    
  0.6275147       1.483694       2.249497    
  0.6283079       1.484974       2.249588    
  0.6294777       1.486197       2.249670    
  0.6310097       1.487360       2.249744    
  0.6328886       1.488466       2.249810    
  0.6350974       1.489512       2.249870    
  0.6376184       1.490499       2.249923    
  0.6404322       1.491428       2.249970    
  0.6435190       1.492299       2.250012    
  0.6468575       1.493113       2.250049    
  0.6504260       1.493871       2.250081    
  0.6542017       1.494575       2.250110    
  0.6581616       1.495225       2.250135    
  0.6622818       1.495825       2.250158    
  0.6665381       1.496374       2.250177    
  0.6709059       1.496876       2.250194    
  0.6753607       1.497333       2.250208    
  0.6798776       1.497746       2.250221    
  0.6844319       1.498118       2.250232    
  0.6889987       1.498452       2.250242    
  0.6935537       1.498750       2.250250    
  0.6980727       1.499014       2.250257    
  0.7025322       1.499248       2.250263    
  0.7069088       1.499452       2.250269    
  0.7111802       1.499631       2.250273    
  0.7153245       1.499786       2.250278    
  0.7193208       1.499920       2.250282    
  0.7231491       1.500035       2.250285    
  0.7267903       1.500133       2.250288    
  0.7302266       1.500217       2.250291    
  0.7334412       1.500288       2.250293    
  0.7364185       1.500349       2.250296    
  0.7391443       1.500401       2.250298    
  0.7416057       1.500446       2.250300    
  0.7437912       1.500486       2.250302    
  0.7456909       1.500521       2.250304    
  0.7472962       1.500553       2.250306    
  0.7486001       1.500583       2.250308    
  0.7495973       1.500612       2.250310    
  0.7502838       1.500640       2.250312    
  0.7506577       1.500667       2.250314    
  0.7507181       1.500695       2.250315    
  0.7504662       1.500722       2.250317    
  0.7499046       1.500749       2.250319    
  0.7490374       1.500775       2.250321    
  0.7478706       1.500799       2.250323    
  0.7464114       1.500822       2.250325    
  0.7446688       1.500842       2.250328    
  0.7426530       1.500857       2.250330    
  0.7403758       1.500867       2.250333    
  0.7378504       1.500870       2.250335    
  0.7350913       1.500865       2.250338    
  0.7321142       1.500850       2.250341    
  0.7289361       1.500822       2.250344    
  0.7255750       1.500781       2.250347    
  0.7220501       1.500724       2.250350    
  0.7183813       1.500648       2.250354    
  0.7145897       1.500552       2.250357    
  0.7106969       1.500434       2.250360    
  0.7067252       1.500291       2.250363    
  0.7026978       1.500120       2.250365    
  0.6986378       1.499920       2.250367    
  0.6945693       1.499689       2.250369    
  0.6905164       1.499423       2.250370    
  0.6865033       1.499121       2.250370    
  0.6825542       1.498780       2.250370    
  0.6786937       1.498400       2.250368    
  0.6749456       1.497977       2.250364    
  0.6713340       1.497509       2.250359    
  0.6678823       1.496996       2.250352    
  0.6646135       1.496436       2.250342    
  0.6615501       1.495826       2.250330    
  0.6587138       1.495167       2.250315    
  0.6561257       1.494457       2.250297    
  0.6538058       1.493695       2.250274    
  0.6517733       1.492882       2.250247    
  0.6500462       1.492015       2.250216    
  0.6486415       1.491097       2.250179    
  0.6475748       1.490126       2.250137    
  0.6468607       1.489104       2.250088    
  0.6465121       1.488030       2.250032    
  0.6465406       1.486907       2.249969    
  0.6469563       1.485736       2.249898    
  0.6477677       1.484518       2.249818    
  0.6489818       1.483255       2.249728    
  0.6506038       1.481949       2.249628    
  0.6526374       1.480604       2.249518    
  0.6550846       1.479222       2.249396    
  0.6579453       1.477806       2.249262    
  0.6612182       1.476360       2.249115    
  0.6648999       1.474887       2.248954    
  0.6689854       1.473392       2.248778    
  0.6734679       1.471878       2.248588    
  0.6783388       1.470351       2.248382    
  0.6835878       1.468815       2.248159    
  0.6892033       1.467275       2.247919    
  0.6951714       1.465737       2.247662    
  0.7014772       1.464206       2.247385    
  0.7081040       1.462687       2.247090    
  0.7150334       1.461187       2.246775    
  0.7222459       1.459712       2.246440    
  0.7297205       1.458268       2.246084    
  0.7374348       1.456860       2.245707    
  0.7453654       1.455496       2.245308    
  0.7534877       1.454182       2.244887    
  0.7617759       1.452924       2.244444    
  0.7702034       1.451728       2.243978    
  0.7787427       1.450602       2.243490    
  0.7873656       1.449552       2.242979    
  0.7960432       1.448583       2.242445    
  0.8047461       1.447703       2.241889    
  0.8134444       1.446918       2.241310    
  0.8221080       1.446233       2.240709    
  0.8307065       1.445654       2.240085    
  0.8392094       1.445188       2.239440    
  0.8475865       1.444840       2.238775    
  0.8558074       1.444614       2.238088    
  0.8638422       1.444517       2.237382    
  0.8716612       1.444552       2.236657    
  0.8792355       1.444724       2.235914    
  0.8865365       1.445037       2.235153    
  0.8935366       1.445496       2.234377    
  0.9002087       1.446102       2.233587    
  0.9065270       1.446859       2.232783    
  0.9124665       1.447771       2.231968    
  0.9180036       1.448837       2.231142    
  0.9231158       1.450061       2.230308    
  0.9277819       1.451444       2.229467    
  0.9319822       1.452986       2.228622    
  0.9356984       1.454686       2.227774    
  0.9389141       1.456546       2.226925    
  0.9416143       1.458564       2.226079    
  0.9437857       1.460739       2.225235    
  0.9454169       1.463068       2.224399    
  0.9464984       1.465550       2.223571    
  0.9470224       1.468181       2.222755    
  0.9469832       1.470959       2.221953    
  0.9463769       1.473878       2.221168    
  0.9452018       1.476935       2.220403    
  0.9434578       1.480124       2.219660    
  0.9411473       1.483441       2.218942    
  0.9382744       1.486878       2.218253    
  0.9348452       1.490429       2.217596    
  0.9308679       1.494088       2.216973    
  0.9263526       1.497847       2.216388    
  0.9213114       1.501698       2.215843    
  0.9157583       1.505632       2.215342    
  0.9097090       1.509642       2.214888    
  0.9031813       1.513717       2.214483    
  0.8961943       1.517849       2.214132    
  0.8887694       1.522028       2.213837    
  0.8809291       1.526243       2.213601    
  0.8726976       1.530484       2.213427    
  0.8641007       1.534742       2.213317    
  0.8551654       1.539004       2.213275    
  0.8459201       1.543261       2.213304    
  0.8363942       1.547500       2.213405    
  0.8266183       1.551711       2.213582    
  0.8166240       1.555883       2.213836    
  0.8064436       1.560004       2.214171    
  0.7961104       1.564063       2.214588    
  0.7856581       1.568048       2.215090    
  0.7751209       1.571949       2.215677    
  0.7645334       1.575754       2.216353    
  0.7539306       1.579453       2.217118    
  0.7433474       1.583034       2.217974    
  0.7328189       1.586486       2.218922    
  0.7223799       1.589801       2.219962    
  0.7120652       1.592967       2.221097    
  0.7019088       1.595976       2.222326    
  0.6919447       1.598816       2.223649    
  0.6822059       1.601481       2.225067    
  0.6727248       1.603960       2.226580    
  0.6635329       1.606247       2.228187    
  0.6546608       1.608333       2.229888    
  0.6461378       1.610211       2.231682    
  0.6379923       1.611875       2.233567    
  0.6302511       1.613319       2.235543    
  0.6229398       1.614537       2.237609    
  0.6160825       1.615524       2.239761    
  0.6097015       1.616277       2.241998    
  0.6038178       1.616792       2.244318    
  0.5984502       1.617065       2.246718    
  0.5936161       1.617096       2.249196    
  0.5893307       1.616881       2.251748    
  0.5856076       1.616421       2.254370    
  0.5824583       1.615716       2.257060    
  0.5798919       1.614765       2.259814    
  0.5779160       1.613570       2.262627    
  0.5765358       1.612133       2.265495    
  0.5757545       1.610458       2.268414    
  0.5755730       1.608547       2.271380    
  0.5759904       1.606404       2.274386    
  0.5770035       1.604035       2.277429    
  0.5786070       1.601444       2.280502    
  0.5807935       1.598638       2.283600    
  0.5835536       1.595624       2.286719    
  0.5868757       1.592410       2.289851    
  0.5907466       1.589002       2.292991    
  0.5951508       1.585411       2.296133    
  0.6000711       1.581645       2.299271    
  0.6054885       1.577713       2.302398    
  0.6113822       1.573627       2.305509    
  0.6177299       1.569397       2.308596    
  0.6245075       1.565034       2.311653    
  0.6316895       1.560549       2.314674    
  0.6392490       1.555955       2.317652    
  0.6471580       1.551265       2.320580    
  0.6553870       1.546490       2.323452    
  0.6639057       1.541643       2.326261    
  0.6726827       1.536738       2.329001    
  0.6816857       1.531789       2.331665    
  0.6908818       1.526808       2.334247    
  0.7002375       1.521809       2.336740    
  0.7097186       1.516806       2.339139    
  0.7192909       1.511812       2.341436    
  0.7289196       1.506842       2.343627    
  0.7385701       1.501908       2.345705    
  0.7482077       1.497025       2.347664    
  0.7577980       1.492205       2.349499    
  0.7673065       1.487462       2.351206    
  0.7766995       1.482809       2.352777    
  0.7859438       1.478259       2.354210    
  0.7950067       1.473823       2.355498    
  0.8038563       1.469514       2.356638    
  0.8124617       1.465344       2.357626    
  0.8207929       1.461324       2.358457    
  0.8288211       1.457464       2.359129    
  0.8365186       1.453774       2.359637    
  0.8438593       1.450266       2.359980    
  0.8508182       1.446947       2.360154    
  0.8573720       1.443826       2.360157    
  0.8634989       1.440911       2.359987    
  0.8691788       1.438211       2.359643    
  0.8743933       1.435730       2.359123    
  0.8791259       1.433476       2.358426    
  0.8833619       1.431454       2.357552    
  0.8870884       1.429669       2.356500    
  0.8902947       1.428123       2.355272    
  0.8929720       1.426822       2.353867    
  0.8951133       1.425766       2.352286    
  0.8967140       1.424958       2.350531    
  0.8977714       1.424398       2.348603    
  0.8982846       1.424087       2.346504    
  0.8982552       1.424024       2.344238    
  0.8976865       1.424208       2.341806    
  0.8965840       1.424636       2.339212    
  0.8949552       1.425306       2.336459    
  0.8928094       1.426214       2.333551    
  0.8901581       1.427356       2.330493    
  0.8870144       1.428728       2.327288    
  0.8833933       1.430322       2.323942    
  0.8793118       1.432133       2.320461    
  0.8747882       1.434154       2.316848    
  0.8698427       1.436377       2.313111    
  0.8644968       1.438794       2.309255    
  0.8587737       1.441397       2.305287    
  0.8526977       1.444175       2.301213    
  0.8462946       1.447120       2.297040    
  0.8395912       1.450220       2.292775    
  0.8326154       1.453465       2.288425    
  0.8253959       1.456845       2.283999    
  0.8179624       1.460346       2.279502    
  0.8103453       1.463959       2.274945    
  0.8025755       1.467669       2.270333    
  0.7946844       1.471466       2.265676    
  0.7867037       1.475337       2.260981    
  0.7786654       1.479267       2.256257    
  0.7706016       1.483246       2.251512    
  0.7625442       1.487260       2.246755    
  0.7545252       1.491295       2.241994    
  0.7465761       1.495339       2.237237    
  0.7387282       1.499378       2.232494    
  0.7310121       1.503401       2.227772    
  0.7234579       1.507393       2.223080    
  0.7160948       1.511343       2.218426    
  0.7089513       1.515237       2.213819    
  0.7020549       1.519064       2.209267    
  0.6954318       1.522812       2.204777    
  0.6891074       1.526469       2.200359    
  0.6831055       1.530023       2.196019    
  0.6774487       1.533465       2.191765    
  0.6721582       1.536783       2.187605    
  0.6672534       1.539967       2.183546    
  0.6627523       1.543007       2.179595    
  0.6586713       1.545896       2.175759    
  0.6550249       1.548623       2.172045    
  0.6518260       1.551181       2.168458    
  0.6490854       1.553563       2.165005    
  0.6468123       1.555762       2.161693    
  0.6450139       1.557771       2.158525    
  0.6436954       1.559584       2.155508    
  0.6428601       1.561198       2.152647    
  0.6425095       1.562608       2.149945    
  0.6426429       1.563809       2.147408    
  0.6432579       1.564799       2.145039    
  0.6443498       1.565575       2.142842    
  0.6459125       1.566137       2.140820    
  0.6479375       1.566482       2.138975    
  0.6504149       1.566611       2.137311    
  0.6533326       1.566523       2.135830    
  0.6566770       1.566221       2.134533    
  0.6604328       1.565705       2.133422    
  0.6645828       1.564978       2.132498    
  0.6691086       1.564043       2.131761    
  0.6739900       1.562903       2.131212    
  0.6792056       1.561563       2.130852    
  0.6847326       1.560026       2.130678    
  0.6905468       1.558300       2.130692    
  0.6966233       1.556388       2.130891    
  0.7029356       1.554298       2.131274    
  0.7094568       1.552037       2.131840    
  0.7161589       1.549611       2.132586    
  0.7230131       1.547028       2.133510    
  0.7299902       1.544297       2.134609    
  0.7370605       1.541426       2.135880    
  0.7441940       1.538424       2.137319    
  0.7513601       1.535299       2.138924    
  0.7585284       1.532062       2.140689    
  0.7656686       1.528721       2.142612    
  0.7727501       1.525287       2.144686    
  0.7797430       1.521770       2.146908    
  0.7866174       1.518180       2.149273    
  0.7933440       1.514527       2.151775    
  0.7998942       1.510822       2.154409    
  0.8062398       1.507074       2.157169    
  0.8123539       1.503295       2.160049    
  0.8182100       1.499494       2.163045    
  0.8237829       1.495683       2.166148    
  0.8290485       1.491870       2.169354    
  0.8339839       1.488067       2.172655    
  0.8385674       1.484282       2.176046    
  0.8427789       1.480527       2.179519    
  0.8465995       1.476810       2.183069    
  0.8500119       1.473140       2.186687    
  0.8530008       1.469527       2.190368    
  0.8555519       1.465980       2.194105    
  0.8576531       1.462506       2.197890    
  0.8592940       1.459113       2.201716    
  0.8604658       1.455810       2.205578    
  0.8611618       1.452604       2.209467    
  0.8613769       1.449501       2.213377    
  0.8611082       1.446508       2.217302    
  0.8603544       1.443631       2.221234    
  0.8591163       1.440876       2.225167    
  0.8573965       1.438247       2.229094    
  0.8551995       1.435750       2.233008    
  0.8525316       1.433388       2.236903    
  0.8494012       1.431165       2.240774    
  0.8458182       1.429085       2.244612    
  0.8417944       1.427151       2.248413    
  0.8373433       1.425364       2.252171    
  0.8324802       1.423726       2.255879    
  0.8272218       1.422239       2.259532    
  0.8215864       1.420903       2.263124    
  0.8155939       1.419719       2.266651    
  0.8092655       1.418688       2.270106    
  0.8026236       1.417807       2.273486    
  0.7956921       1.417077       2.276785    
  0.7884958       1.416496       2.279998    
  0.7810605       1.416063       2.283122    
  0.7734132       1.415774       2.286151    
  0.7655814       1.415628       2.289083    
  0.7575936       1.415622       2.291914    
  0.7494788       1.415752       2.294639    
  0.7412664       1.416016       2.297255    
  0.7329863       1.416408       2.299760    
  0.7246687       1.416926       2.302150    
  0.7163438       1.417564       2.304424    
  0.7080419       1.418318       2.306577    
  0.6997933       1.419183       2.308609    
  0.6916281       1.420155       2.310517    
  0.6835759       1.421228       2.312299    
  0.6756660       1.422397       2.313955    
  0.6679272       1.423657       2.315481    
  0.6603876       1.425001       2.316878    
  0.6530746       1.426425       2.318145    
  0.6460145       1.427923       2.319280    
  0.6392330       1.429490       2.320284    
  0.6327544       1.431119       2.321156    
  0.6266022       1.432806       2.321895    
  0.6207982       1.434544       2.322503    
  0.6153632       1.436329       2.322979    
  0.6103167       1.438155       2.323324    
  0.6056764       1.440016       2.323539    
  0.6014585       1.441909       2.323624    
  0.5976780       1.443827       2.323581    
  0.5943478       1.445766       2.323410    
  0.5914792       1.447721       2.323114    
  0.5890818       1.449689       2.322694    
  0.5871636       1.451664       2.322152    
  0.5857304       1.453642       2.321489    
  0.5847867       1.455621       2.320708    
  0.5843346       1.457596       2.319810    
  0.5843748       1.459564       2.318799    
  0.5849059       1.461522       2.317677    
  0.5859249       1.463467       2.316446    
  0.5874267       1.465397       2.315109    
  0.5894048       1.467309       2.313668    
  0.5918505       1.469201       2.312128    
  0.5947536       1.471072       2.310491    
  0.5981024       1.472919       2.308760    
  0.6018832       1.474742       2.306939    
  0.6060811       1.476540       2.305031    
  0.6106795       1.478311       2.303039    
  0.6156603       1.480055       2.300967    
  0.6210042       1.481773       2.298819    
  0.6266906       1.483462       2.296599    
  0.6326975       1.485125       2.294310    
  0.6390020       1.486760       2.291957    
  0.6455801       1.488369       2.289543    
  0.6524071       1.489952       2.287072    
  0.6594570       1.491509       2.284548    
  0.6667036       1.493042       2.281976    
  0.6741198       1.494552       2.279360    
  0.6816781       1.496039       2.276703    
  0.6893505       1.497505       2.274011    
  0.6971089       1.498952       2.271287    
  0.7049249       1.500379       2.268535    
  0.7127702       1.501790       2.265761    
  0.7206162       1.503186       2.262968    
  0.7284349       1.504566       2.260161    
  0.7361984       1.505935       2.257344    
  0.7438791       1.507291       2.254522    
  0.7514500       1.508638       2.251698    
  0.7588848       1.509976       2.248878    
  0.7661577       1.511306       2.246066    
  0.7732440       1.512630       2.243265    
  0.7801196       1.513948       2.240481    
  0.7867615       1.515261       2.237717    
  0.7931479       1.516571       2.234979    
  0.7992581       1.517878       2.232269    
  0.8050726       1.519183       2.229593    
  0.8105733       1.520485       2.226954    
  0.8157434       1.521784       2.224357    
  0.8205678       1.523082       2.221806    
  0.8250325       1.524378       2.219304    
  0.8291255       1.525670       2.216856    
  0.8328361       1.526960       2.214465    
  0.8361554       1.528245       2.212136    
  0.8390760       1.529525       2.209872    
  0.8415926       1.530799       2.207676    
  0.8437012       1.532066       2.205552    
  0.8453996       1.533323       2.203505    
  0.8466876       1.534569       2.201536    
  0.8475663       1.535802       2.199649    
  0.8480389       1.537019       2.197848    
  0.8481101       1.538220       2.196135    
  0.8477862       1.539400       2.194513    
  0.8470755       1.540557       2.192985    
  0.8459874       1.541689       2.191554    
  0.8445333       1.542792       2.190222    
  0.8427258       1.543864       2.188992    
  0.8405790       1.544900       2.187865    
  0.8381085       1.545898       2.186844    
  0.8353311       1.546855       2.185931    
  0.8322650       1.547766       2.185127    
  0.8289294       1.548628       2.184434    
  0.8253445       1.549438       2.183853    
  0.8215317       1.550192       2.183387    
  0.8175132       1.550886       2.183034    
  0.8133119       1.551517       2.182798    
  0.8089516       1.552081       2.182677    
  0.8044565       1.552575       2.182674    
  0.7998514       1.552995       2.182787    
  0.7951614       1.553338       2.183018    
  0.7904120       1.553600       2.183365    
  0.7856288       1.553779       2.183830    
  0.7808374       1.553872       2.184411    
  0.7760635       1.553875       2.185108    
  0.7713324       1.553787       2.185919    
  0.7666694       1.553605       2.186845    
  0.7620991       1.553327       2.187882    
  0.7576460       1.552951       2.189031    
  0.7533336       1.552475       2.190289    
  0.7491850       1.551899       2.191655    
  0.7452223       1.551220       2.193126    
  0.7414670       1.550439       2.194700    
  0.7379393       1.549555       2.196375    
  0.7346585       1.548568       2.198148    
  0.7316426       1.547477       2.200016    
  0.7289085       1.546285       2.201977    
  0.7264718       1.544992       2.204026    
  0.7243467       1.543599       2.206161    
  0.7225458       1.542108       2.208378    
