  0.5868382       1.396121       2.496743       3.756495       4.933323    
   5.842414       6.483768       7.042197       7.759757       8.768656    
  0.5868382       1.396121       2.496743       3.756495       4.933323    
   5.842414       6.483768       7.042197       7.759757       8.768656    
  0.5869077       1.396212       2.496793       3.756469       4.933239    
   5.842330       6.483742       7.042247       7.759848       8.768725    
  0.5871162       1.396485       2.496942       3.756391       4.932988    
   5.842079       6.483664       7.042396       7.760121       8.768934    
  0.5874636       1.396940       2.497190       3.756262       4.932570    
   5.841661       6.483534       7.042645       7.760576       8.769281    
  0.5879498       1.397576       2.497538       3.756081       4.931985    
   5.841076       6.483353       7.042993       7.761212       8.769768    
  0.5885745       1.398395       2.497985       3.755848       4.931233    
   5.840324       6.483120       7.043439       7.762031       8.770392    
  0.5893375       1.399394       2.498531       3.755563       4.930315    
   5.839406       6.482836       7.043985       7.763030       8.771155    
  0.5902384       1.400574       2.499175       3.755228       4.929230    
   5.838321       6.482500       7.044630       7.764210       8.772057    
  0.5912769       1.401934       2.499918       3.754840       4.927980    
   5.837071       6.482113       7.045372       7.765570       8.773095    
  0.5924524       1.403474       2.500759       3.754402       4.926566    
   5.835656       6.481675       7.046214       7.767110       8.774270    
  0.5937647       1.405192       2.501698       3.753913       4.924986    
   5.834077       6.481185       7.047153       7.768828       8.775582    
  0.5952128       1.407089       2.502734       3.753373       4.923243    
   5.832334       6.480646       7.048188       7.770725       8.777031    
  0.5967965       1.409163       2.503867       3.752783       4.921337    
   5.830428       6.480055       7.049321       7.772799       8.778615    
  0.5985149       1.411414       2.505096       3.752142       4.919269    
   5.828360       6.479414       7.050550       7.775050       8.780333    
  0.6003672       1.413840       2.506421       3.751451       4.917039    
   5.826130       6.478724       7.051876       7.777476       8.782186    
  0.6023527       1.416440       2.507841       3.750711       4.914649    
   5.823740       6.477984       7.053296       7.780077       8.784171    
  0.6044706       1.419214       2.509356       3.749922       4.912100    
   5.821191       6.477194       7.054811       7.782850       8.786288    
  0.6067199       1.422160       2.510966       3.749084       4.909393    
   5.818484       6.476356       7.056420       7.785796       8.788538    
  0.6090996       1.425277       2.512668       3.748196       4.906529    
   5.815619       6.475469       7.058123       7.788913       8.790917    
  0.6116087       1.428563       2.514463       3.747261       4.903509    
   5.812600       6.474534       7.059917       7.792199       8.793427    
  0.6142461       1.432017       2.516350       3.746278       4.900334    
   5.809425       6.473550       7.061804       7.795653       8.796064    
  0.6170108       1.435638       2.518327       3.745247       4.897007    
   5.806098       6.472520       7.063782       7.799274       8.798829    
  0.6199015       1.439424       2.520395       3.744169       4.893528    
   5.802619       6.471442       7.065850       7.803061       8.801720    
  0.6229169       1.443374       2.522552       3.743045       4.889898    
   5.798989       6.470318       7.068007       7.807010       8.804735    
  0.6260558       1.447485       2.524798       3.741875       4.886120    
   5.795211       6.469148       7.070252       7.811121       8.807874    
  0.6293168       1.451756       2.527131       3.740659       4.882195    
   5.791286       6.467932       7.072585       7.815392       8.811135    
  0.6326985       1.456185       2.529550       3.739399       4.878125    
   5.787216       6.466671       7.075005       7.819821       8.814517    
  0.6361995       1.460770       2.532054       3.738094       4.873911    
   5.783002       6.465366       7.077509       7.824406       8.818018    
  0.6398181       1.465509       2.534643       3.736745       4.869555    
   5.778646       6.464017       7.080098       7.829145       8.821636    
  0.6435529       1.470401       2.537315       3.735353       4.865060    
   5.774151       6.462625       7.082769       7.834037       8.825371    
  0.6474023       1.475443       2.540069       3.733917       4.860427    
   5.769518       6.461190       7.085523       7.839079       8.829221    
  0.6513646       1.480632       2.542903       3.732440       4.855658    
   5.764749       6.459713       7.088357       7.844268       8.833182    
  0.6554381       1.485967       2.545817       3.730922       4.850755    
   5.759846       6.458195       7.091271       7.849603       8.837256    
  0.6596209       1.491446       2.548809       3.729363       4.845720    
   5.754811       6.456635       7.094264       7.855082       8.841439    
  0.6639115       1.497065       2.551879       3.727763       4.840556    
   5.749647       6.455036       7.097333       7.860701       8.845730    
  0.6683077       1.502823       2.555024       3.726124       4.835265    
   5.744356       6.453397       7.100478       7.866459       8.850125    
  0.6728079       1.508717       2.558243       3.724447       4.829848    
   5.738939       6.451719       7.103697       7.872353       8.854626    
  0.6774099       1.514744       2.561535       3.722731       4.824309    
   5.733400       6.450004       7.106990       7.878380       8.859228    
  0.6821120       1.520903       2.564899       3.720978       4.818650    
   5.727741       6.448251       7.110353       7.884539       8.863930    
  0.6869119       1.527189       2.568333       3.719189       4.812872    
   5.721963       6.446462       7.113787       7.890825       8.868730    
  0.6918077       1.533602       2.571835       3.717364       4.806980    
   5.716071       6.444636       7.117290       7.897238       8.873626    
  0.6967974       1.540136       2.575404       3.715504       4.800974    
   5.710065       6.442776       7.120859       7.903772       8.878615    
  0.7018784       1.546791       2.579039       3.713610       4.794858    
   5.703949       6.440882       7.124494       7.910428       8.883697    
  0.7070490       1.553563       2.582738       3.711682       4.788635    
   5.697726       6.438955       7.128192       7.917199       8.888867    
  0.7123067       1.560449       2.586499       3.709722       4.782307    
   5.691398       6.436995       7.131954       7.924086       8.894125    
  0.7176492       1.567447       2.590321       3.707731       4.775877    
   5.684968       6.435003       7.135776       7.931083       8.899467    
  0.7230744       1.574552       2.594202       3.705708       4.769347    
   5.678438       6.432981       7.139657       7.938188       8.904893    
  0.7285799       1.581763       2.598140       3.703656       4.762721    
   5.671812       6.430928       7.143595       7.945399       8.910398    
  0.7341632       1.589075       2.602135       3.701574       4.756001    
   5.665091       6.428847       7.147589       7.952711       8.915981    
  0.7398219       1.596487       2.606183       3.699465       4.749189    
   5.658280       6.426737       7.151638       7.960123       8.921640    
  0.7455537       1.603994       2.610283       3.697328       4.742290    
   5.651381       6.424601       7.155738       7.967630       8.927372    
  0.7513560       1.611593       2.614434       3.695165       4.735307    
   5.644398       6.422438       7.159889       7.975229       8.933174    
  0.7572265       1.619282       2.618634       3.692977       4.728241    
   5.637332       6.420249       7.164088       7.982918       8.939045    
  0.7631623       1.627056       2.622880       3.690764       4.721097    
   5.630188       6.418036       7.168334       7.990692       8.944981    
  0.7691612       1.634913       2.627171       3.688528       4.713876    
   5.622967       6.415800       7.172626       7.998549       8.950979    
  0.7752204       1.642849       2.631506       3.686269       4.706583    
   5.615674       6.413541       7.176960       8.006485       8.957039    
  0.7813374       1.650860       2.635882       3.683989       4.699221    
   5.608312       6.411261       7.181336       8.014497       8.963156    
  0.7875095       1.658944       2.640297       3.681688       4.691792    
   5.600883       6.408960       7.185751       8.022580       8.969328    
  0.7937340       1.667096       2.644750       3.679367       4.684300    
   5.593391       6.406640       7.190205       8.030732       8.975552    
  0.8000083       1.675314       2.649238       3.677028       4.676748    
   5.585839       6.404301       7.194693       8.038950       8.981827    
  0.8063297       1.683593       2.653760       3.674672       4.669139    
   5.578230       6.401944       7.199215       8.047230       8.988148    
  0.8126954       1.691931       2.658314       3.672299       4.661478    
   5.570569       6.399571       7.203769       8.055567       8.994514    
  0.8191026       1.700322       2.662898       3.669910       4.653766    
   5.562857       6.397183       7.208353       8.063958       9.000920    
  0.8255488       1.708765       2.667509       3.667507       4.646007    
   5.555098       6.394780       7.212964       8.072401       9.007367    
  0.8320309       1.717255       2.672146       3.665091       4.638205    
   5.547296       6.392364       7.217601       8.080891       9.013849    
  0.8385463       1.725788       2.676807       3.662662       4.630363    
   5.539454       6.389935       7.222262       8.089424       9.020365    
  0.8450921       1.734361       2.681490       3.660222       4.622485    
   5.531576       6.387494       7.226944       8.097998       9.026910    
  0.8516656       1.742971       2.686192       3.657771       4.614573    
   5.523664       6.385044       7.231647       8.106606       9.033484    
  0.8582637       1.751612       2.690912       3.655311       4.606631    
   5.515722       6.382584       7.236367       8.115249       9.040082    
  0.8648839       1.760283       2.695648       3.652843       4.598663    
   5.507754       6.380116       7.241103       8.123919       9.046702    
  0.8715231       1.768978       2.700398       3.650368       4.590672    
   5.499763       6.377641       7.245852       8.132614       9.053341    
  0.8781785       1.777695       2.705159       3.647887       4.582661    
   5.491752       6.375160       7.250614       8.141332       9.059997    
  0.8848473       1.786429       2.709929       3.645401       4.574635    
   5.483726       6.372674       7.255384       8.150065       9.066666    
  0.8915265       1.795177       2.714708       3.642911       4.566596    
   5.475687       6.370184       7.260162       8.158813       9.073344    
  0.8982133       1.803935       2.719491       3.640419       4.558547    
   5.467638       6.367692       7.264946       8.167571       9.080031    
  0.9049047       1.812699       2.724278       3.637924       4.550493    
   5.459584       6.365197       7.269733       8.176335       9.086722    
  0.9115980       1.821465       2.729066       3.635429       4.542437    
   5.451528       6.362702       7.274521       8.185102       9.093416    
  0.9182902       1.830230       2.733854       3.632934       4.534382    
   5.443473       6.360207       7.279308       8.193867       9.100108    
  0.9249784       1.838990       2.738638       3.630441       4.526332    
   5.435423       6.357714       7.284093       8.202626       9.106796    
  0.9316598       1.847741       2.743418       3.627950       4.518291    
   5.427382       6.355223       7.288873       8.211377       9.113478    
  0.9383314       1.856479       2.748191       3.625463       4.510260    
   5.419351       6.352736       7.293645       8.220115       9.120150    
  0.9449905       1.865200       2.752954       3.622981       4.502245    
   5.411336       6.350254       7.298409       8.228836       9.126808    
  0.9516340       1.873901       2.757707       3.620504       4.494249    
   5.403340       6.347777       7.303162       8.237537       9.133452    
  0.9582592       1.882579       2.762446       3.618035       4.486275    
   5.395366       6.345307       7.307901       8.246215       9.140078    
  0.9648632       1.891228       2.767171       3.615573       4.478326    
   5.387417       6.342845       7.312625       8.254864       9.146682    
  0.9714432       1.899846       2.771878       3.613120       4.470407    
   5.379498       6.340393       7.317332       8.263482       9.153261    
  0.9779962       1.908429       2.776566       3.610677       4.462519    
   5.371610       6.337950       7.322021       8.272065       9.159814    
  0.9845196       1.916972       2.781232       3.608245       4.454668    
   5.363759       6.335518       7.326687       8.280608       9.166338    
  0.9910104       1.925473       2.785875       3.605825       4.446855    
   5.355946       6.333098       7.331330       8.289109       9.172829    
  0.9974658       1.933928       2.790493       3.603419       4.439085    
   5.348176       6.330692       7.335948       8.297565       9.179284    
   1.003883       1.942333       2.795084       3.601027       4.431361    
   5.340452       6.328300       7.340539       8.305969       9.185701    
   1.010260       1.950685       2.799646       3.598650       4.423687    
   5.332778       6.325922       7.345100       8.314321       9.192078    
   1.016592       1.958979       2.804176       3.596289       4.416064    
   5.325155       6.323562       7.349631       8.322615       9.198410    
   1.022879       1.967212       2.808673       3.593945       4.408498    
   5.317589       6.321218       7.354128       8.330849       9.204697    
   1.029116       1.975381       2.813135       3.591620       4.400990    
   5.310081       6.318893       7.358590       8.339018       9.210934    
   1.035302       1.983483       2.817560       3.589314       4.393546    
   5.302637       6.316587       7.363015       8.347118       9.217119    
   1.041433       1.991513       2.821946       3.587029       4.386166    
   5.295257       6.314301       7.367401       8.355148       9.223250    
   1.047507       1.999468       2.826291       3.584764       4.378855    
   5.287946       6.312037       7.371746       8.363104       9.229324    
   1.053521       2.007345       2.830594       3.582522       4.371616    
   5.280707       6.309795       7.376049       8.370981       9.235339    
   1.059473       2.015140       2.834851       3.580303       4.364453    
   5.273544       6.307576       7.380306       8.378777       9.241291    
   1.065360       2.022851       2.839063       3.578109       4.357367    
   5.266458       6.305382       7.384518       8.386487       9.247178    
   1.071180       2.030473       2.843226       3.575939       4.350362    
   5.259453       6.303212       7.388681       8.394109       9.252997    
   1.076929       2.038003       2.847339       3.573796       4.343441    
   5.252533       6.301069       7.392794       8.401640       9.258747    
   1.082607       2.045439       2.851401       3.571680       4.336608    
   5.245699       6.298953       7.396855       8.409075       9.264424    
   1.088209       2.052777       2.855408       3.569591       4.329865    
   5.238956       6.296864       7.400863       8.416413       9.270027    
   1.093734       2.060013       2.859361       3.567531       4.323215    
   5.232306       6.294804       7.404816       8.423650       9.275553    
   1.099180       2.067145       2.863257       3.565501       4.316660    
   5.225751       6.292774       7.408711       8.430781       9.280998    
   1.104543       2.074170       2.867094       3.563502       4.310205    
   5.219296       6.290775       7.412549       8.437806       9.286362    
   1.109823       2.081084       2.870870       3.561534       4.303851    
   5.212942       6.288807       7.416325       8.444720       9.291640    
   1.115015       2.087885       2.874585       3.559598       4.297601    
   5.206692       6.286871       7.420040       8.451522       9.296833    
   1.120119       2.094570       2.878236       3.557695       4.291458    
   5.200549       6.284968       7.423691       8.458206       9.301937    
   1.125132       2.101135       2.881822       3.555827       4.285424    
   5.194516       6.283100       7.427277       8.464771       9.306950    
   1.130051       2.107578       2.885341       3.553993       4.279503    
   5.188594       6.281266       7.430796       8.471214       9.311870    
   1.134876       2.113897       2.888792       3.552194       4.273697    
   5.182788       6.279468       7.434247       8.477533       9.316693    
   1.139602       2.120088       2.892174       3.550432       4.268007    
   5.177099       6.277705       7.437629       8.483724       9.321421    
   1.144230       2.126148       2.895484       3.548707       4.262438    
   5.171529       6.275980       7.440939       8.489784       9.326048    
   1.148756       2.132076       2.898722       3.547020       4.256990    
   5.166081       6.274293       7.444177       8.495712       9.330574    
   1.153178       2.137868       2.901885       3.545372       4.251667    
   5.160758       6.272645       7.447340       8.501504       9.334996    
   1.157495       2.143523       2.904974       3.543762       4.246471    
   5.155562       6.271035       7.450429       8.507158       9.339314    
   1.161705       2.149036       2.907985       3.542193       4.241404    
   5.150495       6.269465       7.453441       8.512672       9.343523    
   1.165806       2.154408       2.910919       3.540664       4.236468    
   5.145559       6.267937       7.456374       8.518044       9.347625    
   1.169797       2.159634       2.913774       3.539176       4.231665    
   5.140756       6.266449       7.459229       8.523270       9.351615    
   1.173675       2.164713       2.916548       3.537731       4.226997    
   5.136088       6.265004       7.462003       8.528349       9.355493    
   1.177438       2.169642       2.919240       3.536328       4.222467    
   5.131558       6.263600       7.464695       8.533278       9.359257    
   1.181086       2.174420       2.921850       3.534968       4.218077    
   5.127168       6.262240       7.467305       8.538056       9.362905    
   1.184617       2.179044       2.924376       3.533652       4.213827    
   5.122918       6.260924       7.469831       8.542681       9.366435    
   1.188029       2.183512       2.926816       3.532380       4.209721    
   5.118812       6.259653       7.472271       8.547149       9.369846    
   1.191320       2.187823       2.929171       3.531153       4.205759    
   5.114850       6.258426       7.474626       8.551459       9.373138    
   1.194490       2.191975       2.931438       3.529971       4.201944    
   5.111035       6.257244       7.476893       8.555611       9.376307    
   1.197536       2.195965       2.933618       3.528836       4.198277    
   5.107368       6.256108       7.479073       8.559601       9.379354    
   1.200458       2.199792       2.935708       3.527746       4.194760    
   5.103851       6.255019       7.481163       8.563428       9.382277    
   1.203255       2.203454       2.937709       3.526704       4.191394    
   5.100486       6.253977       7.483164       8.567091       9.385073    
   1.205924       2.206951       2.939618       3.525708       4.188181    
   5.097272       6.252982       7.485073       8.570587       9.387742    
   1.208466       2.210279       2.941436       3.524761       4.185122    
   5.094213       6.252034       7.486891       8.573915       9.390284    
   1.210878       2.213439       2.943162       3.523862       4.182219    
   5.091310       6.251135       7.488617       8.577075       9.392696    
   1.213160       2.216428       2.944795       3.523011       4.179472    
   5.088563       6.250284       7.490250       8.580064       9.394978    
   1.215311       2.219244       2.946333       3.522209       4.176884    
   5.085975       6.249482       7.491788       8.582881       9.397129    
   1.217330       2.221889       2.947777       3.521457       4.174454    
   5.083545       6.248730       7.493232       8.585525       9.399148    
   1.219215       2.224359       2.949126       3.520754       4.172184    
   5.081275       6.248027       7.494581       8.587995       9.401033    
   1.220967       2.226653       2.950380       3.520101       4.170075    
   5.079166       6.247374       7.495835       8.590289       9.402785    
   1.222585       2.228771       2.951537       3.519498       4.168128    
   5.077219       6.246770       7.496992       8.592407       9.404403    
   1.224067       2.230713       2.952597       3.518945       4.166344    
   5.075436       6.246218       7.498052       8.594349       9.405885    
   1.225413       2.232476       2.953560       3.518443       4.164724    
   5.073815       6.245716       7.499015       8.596112       9.407231    
   1.226623       2.234061       2.954426       3.517992       4.163268    
   5.072359       6.245265       7.499881       8.597697       9.408442    
   1.227696       2.235466       2.955193       3.517592       4.161976    
   5.071067       6.244865       7.500648       8.599102       9.409514    
   1.228632       2.236691       2.955863       3.517244       4.160851    
   5.069942       6.244516       7.501318       8.600327       9.410450    
   1.229429       2.237736       2.956433       3.516946       4.159891    
   5.068982       6.244219       7.501888       8.601372       9.411247    
   1.230088       2.238599       2.956905       3.516700       4.159097    
   5.068188       6.243973       7.502360       8.602236       9.411906    
   1.230609       2.239282       2.957277       3.516506       4.158470    
   5.067561       6.243779       7.502732       8.602918       9.412428    
   1.230992       2.239782       2.957551       3.516364       4.158010    
   5.067101       6.243637       7.503006       8.603418       9.412809    
   1.231235       2.240101       2.957725       3.516273       4.157717    
   5.066808       6.243546       7.503180       8.603737       9.413054    
   1.231339       2.240237       2.957799       3.516234       4.157591    
   5.066682       6.243507       7.503254       8.603873       9.413157    
   1.231305       2.240192       2.957775       3.516247       4.157633    
   5.066724       6.243520       7.503230       8.603828       9.413123    
   1.231131       2.239964       2.957650       3.516312       4.157842    
   5.066933       6.243585       7.503106       8.603601       9.412949    
   1.230818       2.239555       2.957427       3.516428       4.158218    
   5.067309       6.243701       7.502882       8.603191       9.412637    
   1.230367       2.238964       2.957104       3.516597       4.158762    
   5.067853       6.243870       7.502559       8.602600       9.412185    
   1.229777       2.238191       2.956682       3.516817       4.159472    
   5.068563       6.244090       7.502137       8.601828       9.411595    
   1.229048       2.237237       2.956161       3.517088       4.160348    
   5.069440       6.244361       7.501616       8.600873       9.410867    
   1.228182       2.236103       2.955541       3.517411       4.161391    
   5.070482       6.244684       7.500996       8.599739       9.410000    
   1.227178       2.234787       2.954823       3.517785       4.162600    
   5.071691       6.245059       7.500278       8.598424       9.408997    
   1.226037       2.233293       2.954006       3.518211       4.163974    
   5.073065       6.245484       7.499461       8.596929       9.407855    
   1.224759       2.231619       2.953092       3.518687       4.165512    
   5.074603       6.245960       7.498547       8.595255       9.406577    
   1.223345       2.229767       2.952080       3.519214       4.167214    
   5.076305       6.246488       7.497535       8.593403       9.405163    
   1.221795       2.227737       2.950972       3.519792       4.169079    
   5.078170       6.247065       7.496427       8.591373       9.403613    
   1.220110       2.225530       2.949767       3.520420       4.171107    
   5.080198       6.247693       7.495222       8.589167       9.401928    
   1.218291       2.223148       2.948465       3.521098       4.173296    
   5.082387       6.248371       7.493920       8.586784       9.400109    
   1.216339       2.220591       2.947069       3.521826       4.175646    
   5.084737       6.249099       7.492524       8.584228       9.398157    
   1.214254       2.217861       2.945577       3.522603       4.178155    
   5.087246       6.249876       7.491033       8.581497       9.396072    
   1.212038       2.214958       2.943992       3.523429       4.180823    
   5.089914       6.250702       7.489447       8.578594       9.393856    
   1.209691       2.211884       2.942313       3.524304       4.183648    
   5.092739       6.251577       7.487768       8.575520       9.391509    
   1.207214       2.208640       2.940541       3.525228       4.186629    
   5.095720       6.252501       7.485996       8.572276       9.389032    
   1.204608       2.205227       2.938677       3.526199       4.189765    
   5.098856       6.253472       7.484132       8.568864       9.386427    
   1.201875       2.201648       2.936722       3.527218       4.193055    
   5.102146       6.254491       7.482177       8.565284       9.383694    
   1.199016       2.197903       2.934677       3.528284       4.196496    
   5.105587       6.255557       7.480132       8.561540       9.380835    
   1.196032       2.193995       2.932542       3.529396       4.200088    
   5.109179       6.256669       7.477997       8.557631       9.377850    
   1.192924       2.189924       2.930318       3.530555       4.203829    
   5.112920       6.257828       7.475773       8.553560       9.374742    
   1.189693       2.185693       2.928007       3.531759       4.207717    
   5.116808       6.259032       7.473462       8.549329       9.371511    
   1.186342       2.181303       2.925610       3.533009       4.211751    
   5.120842       6.260282       7.471065       8.544939       9.368159    
   1.182870       2.176757       2.923126       3.534303       4.215930    
   5.125021       6.261576       7.468581       8.540393       9.364689    
   1.179281       2.172056       2.920559       3.535641       4.220250    
   5.129341       6.262914       7.466013       8.535692       9.361099    
   1.175575       2.167202       2.917907       3.537022       4.224710    
   5.133801       6.264295       7.463363       8.530838       9.357393    
   1.171754       2.162198       2.915174       3.538446       4.229309    
   5.138400       6.265719       7.460629       8.525834       9.353573    
   1.167820       2.157045       2.912360       3.539913       4.234044    
   5.143135       6.267186       7.457815       8.520681       9.349638    
   1.163774       2.151746       2.909466       3.541421       4.238914    
   5.148005       6.268694       7.454921       8.515383       9.345592    
   1.159619       2.146303       2.906493       3.542971       4.243916    
   5.153007       6.270244       7.451948       8.509939       9.341436    
   1.155355       2.140719       2.903443       3.544560       4.249047    
   5.158138       6.271833       7.448897       8.504355       9.337173    
   1.150985       2.134996       2.900316       3.546189       4.254307    
   5.163398       6.273462       7.445771       8.498631       9.332803    
   1.146511       2.129135       2.897116       3.547857       4.259693    
   5.168784       6.275130       7.442571       8.492771       9.328329    
   1.141934       2.123141       2.893842       3.549563       4.265201    
   5.174292       6.276836       7.439296       8.486777       9.323751    
   1.137257       2.117015       2.890496       3.551307       4.270831    
   5.179922       6.278580       7.435950       8.480652       9.319075    
   1.132481       2.110760       2.887079       3.553087       4.276579    
   5.185670       6.280360       7.432534       8.474397       9.314299    
   1.127609       2.104380       2.883594       3.554903       4.282443    
   5.191534       6.282176       7.429049       8.468016       9.309427    
   1.122643       2.097875       2.880041       3.556755       4.288420    
   5.197512       6.284028       7.425496       8.461512       9.304461    
   1.117584       2.091250       2.876423       3.558640       4.294509    
   5.203600       6.285913       7.421877       8.454886       9.299402    
   1.112436       2.084507       2.872740       3.560560       4.300705    
   5.209796       6.287833       7.418194       8.448143       9.294254    
   1.107200       2.077649       2.868994       3.562512       4.307008    
   5.216099       6.289784       7.414449       8.441285       9.289018    
   1.101878       2.070679       2.865187       3.564495       4.313413    
   5.222504       6.291768       7.410642       8.434316       9.283696    
   1.096473       2.063601       2.861320       3.566510       4.319918    
   5.229009       6.293783       7.406775       8.427237       9.278292    
   1.090988       2.056416       2.857396       3.568555       4.326520    
   5.235611       6.295828       7.402851       8.420053       9.272806    
   1.085424       2.049129       2.853416       3.570629       4.333218    
   5.242309       6.297902       7.398871       8.412765       9.267241    
   1.079784       2.041742       2.849381       3.572732       4.340006    
   5.249097       6.300005       7.394836       8.405378       9.261601    
   1.074070       2.034258       2.845294       3.574862       4.346883    
   5.255974       6.302135       7.390749       8.397895       9.255888    
   1.068285       2.026682       2.841155       3.577018       4.353846    
   5.262937       6.304291       7.386610       8.390318       9.250103    
   1.062431       2.019015       2.836968       3.579201       4.360891    
   5.269983       6.306473       7.382423       8.382651       9.244249    
   1.056512       2.011262       2.832733       3.581407       4.368017    
   5.277108       6.308680       7.378188       8.374898       9.238330    
   1.050528       2.003425       2.828453       3.583638       4.375218    
   5.284309       6.310911       7.373908       8.367062       9.232347    
   1.044484       1.995509       2.824129       3.585891       4.382493    
   5.291584       6.313164       7.369584       8.359145       9.226302    
   1.038381       1.987516       2.819763       3.588166       4.389839    
   5.298930       6.315439       7.365218       8.351152       9.220199    
   1.032223       1.979450       2.815357       3.590462       4.397252    
   5.306343       6.317735       7.360812       8.343086       9.214041    
   1.026011       1.971314       2.810914       3.592778       4.404728    
   5.313819       6.320051       7.356369       8.334950       9.207829    
   1.019749       1.963113       2.806434       3.595112       4.412265    
   5.321356       6.322385       7.351889       8.326749       9.201567    
   1.013439       1.954849       2.801920       3.597464       4.419860    
   5.328951       6.324737       7.347375       8.318484       9.195257    
   1.007084       1.946525       2.797374       3.599833       4.427509    
   5.336600       6.327106       7.342829       8.310162       9.188902    
   1.000687       1.938147       2.792798       3.602218       4.435208    
   5.344299       6.329491       7.338253       8.301783       9.182505    
  0.9942500       1.929717       2.788193       3.604618       4.442955    
   5.352047       6.331891       7.333648       8.293353       9.176068    
  0.9877767       1.921238       2.783562       3.607031       4.450747    
   5.359838       6.334303       7.329017       8.284874       9.169595    
  0.9812692       1.912715       2.778907       3.609457       4.458580    
   5.367671       6.336730       7.324362       8.276352       9.163087    
  0.9747308       1.904152       2.774230       3.611894       4.466449    
   5.375540       6.339167       7.319685       8.267788       9.156549    
  0.9681640       1.895551       2.769532       3.614342       4.474353    
   5.383444       6.341615       7.314987       8.259188       9.149982    
  0.9615716       1.886917       2.764816       3.616800       4.482288    
   5.391379       6.344072       7.310271       8.250553       9.143390    
  0.9549568       1.878253       2.760084       3.619266       4.490250    
   5.399341       6.346539       7.305539       8.241889       9.136775    
  0.9483219       1.869564       2.755337       3.621739       4.498235    
   5.407326       6.349012       7.300792       8.233200       9.130140    
  0.9416704       1.860852       2.750579       3.624219       4.506241    
   5.415332       6.351491       7.296034       8.224488       9.123488    
  0.9350046       1.852122       2.745811       3.626704       4.514265    
   5.423356       6.353976       7.291265       8.215757       9.116822    
  0.9283277       1.843377       2.741034       3.629193       4.522301    
   5.431392       6.356465       7.286489       8.207013       9.110146    
  0.9216425       1.834621       2.736252       3.631685       4.530347    
   5.439438       6.358957       7.281706       8.198257       9.103460    
  0.9149519       1.825858       2.731466       3.634179       4.538400    
   5.447491       6.361452       7.276920       8.189494       9.096770    
  0.9082589       1.817092       2.726677       3.636674       4.546456    
   5.455547       6.363947       7.272132       8.180728       9.090076    
  0.9015660       1.808326       2.721890       3.639169       4.554512    
   5.463603       6.366442       7.267344       8.171963       9.083385    
  0.8948764       1.799565       2.717104       3.641663       4.562563    
   5.471654       6.368936       7.262559       8.163201       9.076694    
  0.8881931       1.790812       2.712323       3.644154       4.570608    
   5.479699       6.371427       7.257778       8.154448       9.070011    
  0.8815187       1.782070       2.707548       3.646642       4.578641    
   5.487732       6.373915       7.253003       8.145706       9.063336    
  0.8748563       1.773344       2.702782       3.649126       4.586660    
   5.495751       6.376399       7.248237       8.136980       9.056674    
  0.8682085       1.764637       2.698027       3.651604       4.594661    
   5.503752       6.378877       7.243481       8.128273       9.050027    
  0.8615783       1.755954       2.693284       3.654076       4.602642    
   5.511733       6.381349       7.238739       8.119590       9.043396    
  0.8549688       1.747297       2.688555       3.656540       4.610597    
   5.519688       6.383812       7.234010       8.110933       9.036787    
  0.8483826       1.738671       2.683844       3.658995       4.618524    
   5.527615       6.386268       7.229299       8.102307       9.030201    
  0.8418226       1.730079       2.679151       3.661440       4.626420    
   5.535511       6.388713       7.224606       8.093716       9.023641    
  0.8352916       1.721525       2.674479       3.663875       4.634281    
   5.543372       6.391148       7.219934       8.085161       9.017110    
  0.8287923       1.713013       2.669830       3.666298       4.642103    
   5.551194       6.393570       7.215284       8.076649       9.010611    
  0.8223279       1.704546       2.665205       3.668708       4.649884    
   5.558975       6.395980       7.210660       8.068183       9.004146    
  0.8159007       1.696129       2.660607       3.671104       4.657620    
   5.566710       6.398376       7.206062       8.059765       8.997719    
  0.8095139       1.687764       2.656038       3.673485       4.665307    
   5.574398       6.400757       7.201493       8.051400       8.991332    
  0.8031698       1.679455       2.651500       3.675850       4.672943    
   5.582034       6.403122       7.196955       8.043091       8.984988    
  0.7968717       1.671206       2.646994       3.678197       4.680523    
   5.589614       6.405470       7.192449       8.034842       8.978690    
  0.7906218       1.663020       2.642524       3.680527       4.688046    
   5.597137       6.407800       7.187978       8.026656       8.972440    
  0.7844230       1.654902       2.638089       3.682838       4.695507    
   5.604598       6.410111       7.183544       8.018538       8.966241    
  0.7782781       1.646854       2.633693       3.685129       4.702903    
   5.611994       6.412402       7.179148       8.010489       8.960096    
  0.7721896       1.638879       2.629338       3.687399       4.710231    
   5.619322       6.414671       7.174792       8.002516       8.954007    
  0.7661602       1.630982       2.625024       3.689646       4.717488    
   5.626579       6.416919       7.170479       7.994618       8.947978    
  0.7601923       1.623166       2.620755       3.691871       4.724671    
   5.633762       6.419144       7.166210       7.986802       8.942010    
  0.7542887       1.615434       2.616532       3.694072       4.731777    
   5.640868       6.421344       7.161986       7.979070       8.936107    
  0.7484521       1.607790       2.612356       3.696248       4.738802    
   5.647893       6.423520       7.157811       7.971426       8.930270    
  0.7426845       1.600236       2.608231       3.698398       4.745744    
   5.654835       6.425670       7.153685       7.963872       8.924502    
  0.7369889       1.592776       2.604156       3.700521       4.752599    
   5.661690       6.427794       7.149611       7.956412       8.918807    
  0.7313674       1.585414       2.600135       3.702616       4.759365    
   5.668456       6.429889       7.145589       7.949049       8.913185    
  0.7258226       1.578151       2.596168       3.704684       4.766039    
   5.675130       6.431956       7.141623       7.941788       8.907640    
  0.7203570       1.570993       2.592258       3.706721       4.772618    
   5.681708       6.433994       7.137713       7.934629       8.902175    
  0.7149727       1.563941       2.588406       3.708728       4.779099    
   5.688189       6.436001       7.133861       7.927577       8.896791    
  0.7096722       1.556999       2.584615       3.710704       4.785478    
   5.694569       6.437977       7.130069       7.920635       8.891490    
  0.7044576       1.550169       2.580884       3.712648       4.791754    
   5.700845       6.439921       7.126339       7.913805       8.886275    
  0.6993314       1.543455       2.577217       3.714559       4.797925    
   5.707015       6.441832       7.122672       7.907092       8.881149    
  0.6942958       1.536860       2.573615       3.716436       4.803985    
   5.713076       6.443709       7.119069       7.900496       8.876114    
  0.6893526       1.530386       2.570079       3.718279       4.809935    
   5.719026       6.445552       7.115533       7.894022       8.871171    
  0.6845044       1.524036       2.566610       3.720086       4.815770    
   5.724861       6.447359       7.112065       7.887672       8.866323    
  0.6797530       1.517813       2.563211       3.721858       4.821489    
   5.730580       6.449130       7.108666       7.881449       8.861571    
  0.6751007       1.511720       2.559883       3.723592       4.827089    
   5.736180       6.450865       7.105338       7.875356       8.856918    
  0.6705492       1.505759       2.556627       3.725289       4.832567    
   5.741658       6.452561       7.102082       7.869395       8.852367    
  0.6661005       1.499932       2.553445       3.726947       4.837922    
   5.747013       6.454220       7.098899       7.863568       8.847919    
  0.6617568       1.494243       2.550337       3.728566       4.843150    
   5.752241       6.455839       7.095792       7.857879       8.843575    
  0.6575197       1.488694       2.547306       3.730146       4.848249    
   5.757340       6.457418       7.092761       7.852330       8.839337    
  0.6533912       1.483287       2.544353       3.731685       4.853219    
   5.762310       6.458958       7.089808       7.846923       8.835209    
  0.6493731       1.478024       2.541478       3.733183       4.858055    
   5.767146       6.460455       7.086933       7.841660       8.831191    
  0.6454668       1.472908       2.538684       3.734639       4.862757    
   5.771847       6.461912       7.084138       7.836544       8.827285    
  0.6416745       1.467941       2.535971       3.736053       4.867321    
   5.776412       6.463326       7.081426       7.831577       8.823492    
  0.6379974       1.463125       2.533340       3.737424       4.871747    
   5.780838       6.464696       7.078795       7.826761       8.819816    
  0.6344373       1.458462       2.530794       3.738751       4.876032    
   5.785123       6.466023       7.076248       7.822098       8.816256    
  0.6309956       1.453954       2.528332       3.740034       4.880174    
   5.789265       6.467306       7.073786       7.817591       8.812814    
  0.6276740       1.449604       2.525955       3.741272       4.884172    
   5.793263       6.468544       7.071410       7.813240       8.809492    
  0.6244738       1.445413       2.523666       3.742465       4.888024    
   5.797115       6.469738       7.069121       7.809049       8.806292    
  0.6213963       1.441382       2.521465       3.743612       4.891728    
   5.800819       6.470885       7.066919       7.805018       8.803214    
  0.6184430       1.437514       2.519352       3.744713       4.895283    
   5.804374       6.471986       7.064806       7.801150       8.800261    
  0.6156150       1.433810       2.517329       3.745767       4.898686    
   5.807777       6.473040       7.062783       7.797446       8.797433    
  0.6129137       1.430272       2.515396       3.746774       4.901938    
   5.811029       6.474047       7.060851       7.793908       8.794732    
  0.6103401       1.426902       2.513556       3.747734       4.905035    
   5.814126       6.475007       7.059010       7.790538       8.792158    
  0.6078955       1.423700       2.511806       3.748645       4.907978    
   5.817069       6.475918       7.057261       7.787336       8.789714    
  0.6055807       1.420668       2.510151       3.749508       4.910764    
   5.819855       6.476780       7.055605       7.784304       8.787398    
  0.6033969       1.417808       2.508589       3.750322       4.913393    
   5.822484       6.477595       7.054043       7.781444       8.785215    
  0.6013451       1.415120       2.507121       3.751087       4.915862    
   5.824953       6.478360       7.052575       7.778757       8.783163    
  0.5994259       1.412607       2.505748       3.751802       4.918172    
   5.827263       6.479075       7.051202       7.776243       8.781244    
  0.5976403       1.410268       2.504470       3.752468       4.920321    
   5.829412       6.479741       7.049925       7.773904       8.779458    
  0.5959891       1.408106       2.503289       3.753084       4.922309    
   5.831399       6.480356       7.048744       7.771742       8.777807    
  0.5944730       1.406120       2.502204       3.753649       4.924134    
   5.833224       6.480921       7.047659       7.769756       8.776291    
  0.5930926       1.404312       2.501217       3.754164       4.925795    
   5.834886       6.481436       7.046671       7.767948       8.774911    
  0.5918485       1.402683       2.500327       3.754627       4.927292    
   5.836383       6.481900       7.045782       7.766319       8.773666    
  0.5907413       1.401232       2.499535       3.755040       4.928625    
   5.837716       6.482313       7.044990       7.764869       8.772559    
  0.5897714       1.399962       2.498841       3.755402       4.929792    
   5.838883       6.482674       7.044296       7.763598       8.771589    
  0.5889393       1.398872       2.498246       3.755712       4.930794    
   5.839885       6.482984       7.043700       7.762508       8.770758    
  0.5882454       1.397964       2.497750       3.755970       4.931629    
   5.840720       6.483243       7.043204       7.761600       8.770063    
  0.5876898       1.397236       2.497352       3.756178       4.932298    
   5.841389       6.483450       7.042807       7.760872       8.769507    
  0.5872729       1.396690       2.497054       3.756333       4.932800    
   5.841891       6.483605       7.042508       7.760326       8.769091    
  0.5869948       1.396326       2.496855       3.756437       4.933135    
   5.842226       6.483709       7.042309       7.759962       8.768813    
  0.5868556       1.396143       2.496755       3.756489       4.933302    
   5.842393       6.483761       7.042210       7.759779       8.768674    
  0.5868555       1.396143       2.496755       3.756489       4.933302    
   5.842393       6.483761       7.042210       7.759779       8.768674    
  0.5869944       1.396325       2.496855       3.756437       4.933135    
   5.842226       6.483709       7.042309       7.759961       8.768812    
  0.5872723       1.396689       2.497053       3.756333       4.932800    
   5.841891       6.483606       7.042508       7.760325       8.769091    
  0.5876890       1.397235       2.497351       3.756178       4.932299    
   5.841390       6.483450       7.042806       7.760871       8.769507    
  0.5882444       1.397962       2.497749       3.755971       4.931631    
   5.840721       6.483243       7.043203       7.761599       8.770062    
  0.5889381       1.398871       2.498245       3.755712       4.930795    
   5.839886       6.482985       7.043700       7.762507       8.770756    
  0.5897700       1.399960       2.498840       3.755402       4.929794    
   5.838885       6.482675       7.044295       7.763597       8.771588    
  0.5907397       1.401230       2.499534       3.755041       4.928627    
   5.837718       6.482313       7.044988       7.764866       8.772557    
  0.5918467       1.402680       2.500326       3.754628       4.927295    
   5.836386       6.481901       7.045780       7.766316       8.773664    
  0.5930905       1.404309       2.501215       3.754164       4.925797    
   5.834888       6.481437       7.046670       7.767945       8.774909    
  0.5944707       1.406117       2.502203       3.753650       4.924136    
   5.833227       6.480922       7.047657       7.769753       8.776289    
  0.5959866       1.408103       2.503287       3.753085       4.922312    
   5.831403       6.480357       7.048742       7.771739       8.777804    
  0.5976376       1.410265       2.504468       3.752469       4.920325    
   5.829415       6.479742       7.049923       7.773901       8.779455    
  0.5994229       1.412603       2.505746       3.751804       4.918176    
   5.827267       6.479076       7.051200       7.776239       8.781241    
  0.6013419       1.415116       2.507118       3.751088       4.915866    
   5.824957       6.478361       7.052573       7.778752       8.783160    
  0.6033936       1.417804       2.508586       3.750323       4.913396    
   5.822487       6.477596       7.054040       7.781440       8.785212    
  0.6055772       1.420663       2.510148       3.749509       4.910769    
   5.819859       6.476782       7.055603       7.784299       8.787395    
  0.6078917       1.423695       2.511804       3.748646       4.907982    
   5.817073       6.475919       7.057259       7.787331       8.789710    
  0.6103361       1.426896       2.513552       3.747735       4.905040    
   5.814131       6.475008       7.059007       7.790533       8.792154    
  0.6129094       1.430267       2.515393       3.746776       4.901943    
   5.811034       6.474049       7.060848       7.793903       8.794727    
  0.6156105       1.433804       2.517326       3.745769       4.898692    
   5.807783       6.473042       7.062780       7.797441       8.797428    
  0.6184382       1.437508       2.519349       3.744715       4.895288    
   5.804379       6.471988       7.064803       7.801144       8.800257    
  0.6213912       1.441375       2.521461       3.743614       4.891734    
   5.800825       6.470887       7.066916       7.805012       8.803209    
  0.6244684       1.445406       2.523662       3.742467       4.888031    
   5.797122       6.469739       7.069117       7.809042       8.806287    
  0.6276684       1.449597       2.525952       3.741274       4.884179    
   5.793270       6.468547       7.071406       7.813233       8.809486    
  0.6309898       1.453947       2.528327       3.740036       4.880181    
   5.789272       6.467309       7.073782       7.817583       8.812808    
  0.6344311       1.458454       2.530789       3.738753       4.876040    
   5.785131       6.466026       7.076244       7.822090       8.816249    
  0.6379910       1.463116       2.533336       3.737426       4.871755    
   5.780846       6.464699       7.078791       7.826753       8.819809    
  0.6416677       1.467932       2.535966       3.736055       4.867329    
   5.776420       6.463328       7.081421       7.831568       8.823485    
  0.6454599       1.472899       2.538679       3.734642       4.862765    
   5.771856       6.461914       7.084134       7.836535       8.827278    
  0.6493657       1.478014       2.541473       3.733186       4.858064    
   5.767155       6.460458       7.086928       7.841650       8.831183    
  0.6533837       1.483277       2.544348       3.731688       4.853228    
   5.762319       6.458961       7.089802       7.846913       8.835201    
  0.6575119       1.488683       2.547301       3.730149       4.848259    
   5.757350       6.457421       7.092755       7.852320       8.839330    
  0.6617487       1.494232       2.550332       3.728570       4.843160    
   5.752250       6.455842       7.095786       7.857869       8.843567    
  0.6660921       1.499921       2.553439       3.726950       4.837932    
   5.747023       6.454223       7.098893       7.863557       8.847910    
  0.6705405       1.505747       2.556621       3.725292       4.832578    
   5.741669       6.452565       7.102076       7.869383       8.852359    
  0.6750916       1.511708       2.559877       3.723595       4.827100    
   5.736191       6.450868       7.105331       7.875344       8.856910    
  0.6797438       1.517801       2.563205       3.721861       4.821500    
   5.730591       6.449134       7.108659       7.881437       8.861562    
  0.6844950       1.524024       2.566603       3.720090       4.815782    
   5.724873       6.447362       7.112058       7.887660       8.866313    
  0.6893429       1.530373       2.570071       3.718283       4.809947    
   5.719038       6.445555       7.115526       7.894009       8.871161    
  0.6942856       1.536847       2.573607       3.716440       4.803998    
   5.713089       6.443713       7.119062       7.900483       8.876103    
  0.6993211       1.543442       2.577210       3.714563       4.797937    
   5.707027       6.441835       7.122664       7.907078       8.881139    
  0.7044470       1.550155       2.580877       3.712652       4.791767    
   5.700858       6.439925       7.126331       7.913792       8.886265    
  0.7096612       1.556984       2.584607       3.710708       4.785491    
   5.694582       6.437981       7.130061       7.920620       8.891479    
  0.7149615       1.563926       2.588398       3.708732       4.779112    
   5.688203       6.436005       7.133853       7.927563       8.896779    
  0.7203455       1.570978       2.592250       3.706725       4.772632    
   5.681722       6.433998       7.137704       7.934614       8.902164    
  0.7258109       1.578136       2.596160       3.704688       4.766053    
   5.675144       6.431961       7.141614       7.941772       8.907629    
  0.7313553       1.585398       2.600126       3.702621       4.759380    
   5.668471       6.429893       7.145581       7.949034       8.913174    
  0.7369765       1.592760       2.604147       3.700526       4.752614    
   5.661705       6.427798       7.149602       7.956396       8.918795    
  0.7426720       1.600219       2.608222       3.698402       4.745759    
   5.654850       6.425675       7.153676       7.963856       8.924490    
  0.7484392       1.607773       2.612347       3.696252       4.738817    
   5.647908       6.423525       7.157802       7.971409       8.930257    
  0.7542756       1.615417       2.616523       3.694077       4.731792    
   5.640883       6.421350       7.161977       7.979053       8.936093    
  0.7601789       1.623149       2.620746       3.691876       4.724687    
   5.633778       6.419148       7.166200       7.986785       8.941997    
  0.7661465       1.630965       2.625015       3.689651       4.717505    
   5.626595       6.416924       7.170469       7.994601       8.947965    
  0.7721757       1.638861       2.629328       3.687404       4.710248    
   5.619339       6.414677       7.174782       8.002498       8.953994    
  0.7782639       1.646835       2.633683       3.685134       4.702920    
   5.612011       6.412407       7.179138       8.010471       8.960082    
  0.7844086       1.654883       2.638079       3.682843       4.695524    
   5.604615       6.410116       7.183533       8.018518       8.966227    
  0.7906072       1.663001       2.642513       3.680533       4.688064    
   5.597154       6.407805       7.187968       8.026637       8.972425    
  0.7968568       1.671186       2.646984       3.678203       4.680541    
   5.589632       6.405476       7.192439       8.034822       8.978675    
  0.8031547       1.679435       2.651489       3.675855       4.672961    
   5.582052       6.403128       7.196944       8.043071       8.984973    
  0.8094985       1.687743       2.656027       3.673491       4.665326    
   5.574417       6.400763       7.201482       8.051379       8.991317    
  0.8158852       1.696108       2.660596       3.671109       4.657639    
   5.566730       6.398382       7.206051       8.059745       8.997704    
  0.8223121       1.704526       2.665194       3.668714       4.649903    
   5.558994       6.395987       7.210649       8.068162       9.004130    
  0.8287765       1.712992       2.669818       3.666304       4.642122    
   5.551213       6.393577       7.215273       8.076629       9.010594    
  0.8352754       1.721504       2.674467       3.663881       4.634300    
   5.543391       6.391154       7.219922       8.085140       9.017094    
  0.8418062       1.730058       2.679139       3.661447       4.626440    
   5.535531       6.388719       7.224594       8.093694       9.023624    
  0.8483661       1.738649       2.683832       3.659001       4.618544    
   5.527635       6.386274       7.229287       8.102285       9.030184    
  0.8549522       1.747275       2.688544       3.656546       4.610617    
   5.519708       6.383819       7.233998       8.110911       9.036770    
  0.8615615       1.755931       2.693272       3.654082       4.602662    
   5.511753       6.381355       7.238726       8.119568       9.043380    
  0.8681914       1.764615       2.698014       3.651611       4.594682    
   5.503773       6.378883       7.243469       8.128251       9.050010    
  0.8748389       1.773321       2.702770       3.649132       4.586681    
   5.495772       6.376405       7.248225       8.136957       9.056657    
  0.8815013       1.782047       2.707536       3.646649       4.578662    
   5.487753       6.373921       7.252991       8.145683       9.063319    
  0.8881754       1.790788       2.712311       3.644161       4.570629    
   5.479720       6.371433       7.257765       8.154425       9.069994    
  0.8948587       1.799542       2.717092       3.641669       4.562584    
   5.471675       6.368942       7.262546       8.163177       9.076676    
  0.9015481       1.808303       2.721877       3.639176       4.554533    
   5.463624       6.366448       7.267332       8.171939       9.083366    
  0.9082409       1.817068       2.726665       3.636681       4.546478    
   5.455569       6.363954       7.272120       8.180705       9.090059    
  0.9149337       1.825834       2.731452       3.634186       4.538422    
   5.447513       6.361458       7.276907       8.189470       9.096752    
  0.9216242       1.834597       2.736239       3.631691       4.530369    
   5.439460       6.358964       7.281693       8.198234       9.103442    
  0.9283094       1.843353       2.741021       3.629200       4.522323    
   5.431414       6.356472       7.286476       8.206988       9.110127    
  0.9349862       1.852097       2.745797       3.626710       4.514287    
   5.423378       6.353983       7.291252       8.215734       9.116804    
  0.9416517       1.860827       2.750566       3.624226       4.506264    
   5.415355       6.351498       7.296021       8.224463       9.123469    
  0.9483033       1.869539       2.755324       3.621746       4.498258    
   5.407349       6.349019       7.300779       8.233175       9.130121    
  0.9549380       1.878229       2.760070       3.619273       4.490272    
   5.399363       6.346545       7.305525       8.241865       9.136756    
  0.9615527       1.886892       2.764802       3.616807       4.482311    
   5.391402       6.344079       7.310257       8.250528       9.143371    
  0.9681452       1.895527       2.769518       3.614349       4.474376    
   5.383467       6.341622       7.314973       8.259163       9.149963    
  0.9747118       1.904127       2.774216       3.611901       4.466472    
   5.375563       6.339174       7.319671       8.267763       9.156530    
  0.9812505       1.912691       2.778893       3.609464       4.458602    
   5.367693       6.336737       7.324348       8.276327       9.163069    
  0.9877577       1.921213       2.783549       3.607038       4.450770    
   5.359861       6.334311       7.329003       8.284849       9.169576    
  0.9942310       1.929692       2.788179       3.604625       4.442978    
   5.352070       6.331898       7.333634       8.293327       9.176049    
   1.000668       1.938122       2.792784       3.602225       4.435231    
   5.344322       6.329498       7.338239       8.301758       9.182486    
   1.007065       1.946501       2.797360       3.599840       4.427532    
   5.336623       6.327113       7.342815       8.310137       9.188883    
   1.013420       1.954823       2.801906       3.597471       4.419883    
   5.328974       6.324744       7.347361       8.318460       9.195238    
   1.019730       1.963088       2.806420       3.595119       4.412288    
   5.321379       6.322392       7.351875       8.326724       9.201548    
   1.025992       1.971289       2.810900       3.592785       4.404751    
   5.313842       6.320057       7.356355       8.334926       9.207809    
   1.032204       1.979425       2.815344       3.590469       4.397274    
   5.306365       6.317742       7.360799       8.343061       9.214022    
   1.038362       1.987491       2.819750       3.588173       4.389862    
   5.298953       6.315446       7.365204       8.351128       9.220181    
   1.044465       1.995484       2.824115       3.585898       4.382516    
   5.291607       6.313171       7.369570       8.359120       9.226283    
   1.050510       2.003401       2.828439       3.583645       4.375241    
   5.284332       6.310918       7.373894       8.367037       9.232327    
   1.056493       2.011237       2.832720       3.581414       4.368039    
   5.277130       6.308687       7.378175       8.374873       9.238311    
   1.062413       2.018991       2.836955       3.579208       4.360914    
   5.270005       6.306480       7.382410       8.382627       9.244231    
   1.068267       2.026658       2.841142       3.577025       4.353868    
   5.262959       6.304298       7.386597       8.390294       9.250085    
   1.074051       2.034234       2.845281       3.574869       4.346905    
   5.255996       6.302142       7.390736       8.397870       9.255870    
   1.079766       2.041718       2.849368       3.572739       4.340028    
   5.249119       6.300012       7.394823       8.405354       9.261583    
   1.085406       2.049105       2.853403       3.570636       4.333239    
   5.242331       6.297909       7.398858       8.412742       9.267223    
   1.090970       2.056392       2.857383       3.568562       4.326542    
   5.235633       6.295835       7.402838       8.420029       9.272788    
   1.096456       2.063577       2.861308       3.566517       4.319940    
   5.229031       6.293790       7.406763       8.427214       9.278274    
   1.101861       2.070656       2.865174       3.564502       4.313434    
   5.222525       6.291775       7.410629       8.434293       9.283679    
   1.107182       2.077626       2.868981       3.562518       4.307029    
   5.216120       6.289791       7.414436       8.441262       9.289001    
   1.112419       2.084485       2.872727       3.560566       4.300726    
   5.209817       6.287839       7.418182       8.448120       9.294237    
   1.117567       2.091228       2.876410       3.558647       4.294529    
   5.203620       6.285920       7.421865       8.454864       9.299385    
   1.122626       2.097853       2.880029       3.556761       4.288441    
   5.197532       6.284034       7.425484       8.461490       9.304444    
   1.127592       2.104358       2.883582       3.554909       4.282463    
   5.191554       6.282182       7.429037       8.467994       9.309410    
   1.132464       2.110739       2.887068       3.553093       4.276598    
   5.185690       6.280366       7.432522       8.474375       9.314282    
   1.137241       2.116994       2.890484       3.551313       4.270850    
   5.179941       6.278586       7.435939       8.480631       9.319058    
   1.141918       2.123120       2.893830       3.549569       4.265220    
   5.174312       6.276842       7.439285       8.486756       9.323736    
   1.146495       2.129115       2.897105       3.547863       4.259711    
   5.168802       6.275136       7.442559       8.492751       9.328313    
   1.150970       2.134975       2.900306       3.546195       4.254325    
   5.163417       6.273468       7.445760       8.498611       9.332788    
   1.155340       2.140699       2.903432       3.544566       4.249065    
   5.158156       6.271839       7.448887       8.504335       9.337158    
   1.159604       2.146284       2.906482       3.542976       4.243933    
   5.153024       6.270249       7.451937       8.509920       9.341422    
   1.163760       2.151727       2.909455       3.541427       4.238931    
   5.148022       6.268700       7.454910       8.515364       9.345578    
   1.167806       2.157026       2.912350       3.539918       4.234061    
   5.143152       6.267191       7.457805       8.520662       9.349624    
   1.171741       2.162180       2.915164       3.538452       4.229325    
   5.138416       6.265725       7.460619       8.525816       9.353559    
   1.175562       2.167184       2.917898       3.537027       4.224726    
   5.133817       6.264300       7.463353       8.530821       9.357380    
   1.179268       2.172039       2.920549       3.535645       4.220265    
   5.129356       6.262918       7.466004       8.535675       9.361086    
   1.182858       2.176740       2.923117       3.534307       4.215945    
   5.125036       6.261580       7.468572       8.540376       9.364676    
   1.186329       2.181287       2.925601       3.533013       4.211766    
   5.120857       6.260286       7.471056       8.544923       9.368147    
   1.189681       2.185677       2.927999       3.531764       4.207732    
   5.116823       6.259037       7.473454       8.549314       9.371499    
   1.192912       2.189909       2.930310       3.530559       4.203843    
   5.112934       6.257832       7.475765       8.553545       9.374730    
   1.196021       2.193980       2.932534       3.529400       4.200101    
   5.109193       6.256673       7.477989       8.557616       9.377839    
   1.199005       2.197889       2.934669       3.528288       4.196509    
   5.105600       6.255561       7.480124       8.561525       9.380823    
   1.201865       2.201634       2.936714       3.527222       4.193067    
   5.102158       6.254495       7.482170       8.565270       9.383683    
   1.204598       2.205214       2.938670       3.526203       4.189777    
   5.098868       6.253476       7.484125       8.568851       9.386416    
   1.207204       2.208627       2.940534       3.525231       4.186641    
   5.095732       6.252504       7.485989       8.572264       9.389022    
   1.209681       2.211872       2.942306       3.524308       4.183659    
   5.092750       6.251581       7.487761       8.575508       9.391500    
   1.212029       2.214947       2.943986       3.523433       4.180833    
   5.089924       6.250706       7.489440       8.578583       9.393847    
   1.214246       2.217850       2.945571       3.522606       4.178165    
   5.087256       6.249879       7.491026       8.581486       9.396064    
   1.216331       2.220581       2.947063       3.521829       4.175655    
   5.084746       6.249102       7.492518       8.584217       9.398149    
   1.218284       2.223139       2.948460       3.521101       4.173305    
   5.082396       6.248374       7.493915       8.586775       9.400102    
   1.220103       2.225521       2.949762       3.520423       4.171115    
   5.080206       6.247696       7.495217       8.589157       9.401921    
   1.221789       2.227729       2.950967       3.519794       4.169087    
   5.078178       6.247067       7.496422       8.591365       9.403606    
   1.223339       2.229759       2.952076       3.519217       4.167221    
   5.076312       6.246490       7.497531       8.593395       9.405157    
   1.224753       2.231612       2.953088       3.518689       4.165518    
   5.074609       6.245962       7.498543       8.595248       9.406571    
   1.226032       2.233286       2.954003       3.518213       4.163980    
   5.073071       6.245485       7.499458       8.596923       9.407850    
   1.227174       2.234782       2.954820       3.517787       4.162605    
   5.071696       6.245060       7.500275       8.598418       9.408992    
   1.228178       2.236098       2.955538       3.517412       4.161396    
   5.070487       6.244685       7.500993       8.599733       9.409996    
   1.229045       2.237233       2.956158       3.517089       4.160352    
   5.069444       6.244362       7.501614       8.600869       9.410864    
   1.229774       2.238188       2.956680       3.516818       4.159475    
   5.068566       6.244091       7.502135       8.601824       9.411592    
   1.230365       2.238961       2.957102       3.516598       4.158764    
   5.067855       6.243870       7.502557       8.602597       9.412183    
   1.230817       2.239553       2.957426       3.516429       4.158220    
   5.067311       6.243702       7.502881       8.603189       9.412635    
   1.231130       2.239963       2.957650       3.516312       4.157844    
   5.066935       6.243585       7.503105       8.603600       9.412948    
   1.231304       2.240191       2.957774       3.516247       4.157634    
   5.066725       6.243520       7.503230       8.603827       9.413122    
   1.231339       2.240238       2.957800       3.516234       4.157591    
   5.066682       6.243507       7.503254       8.603874       9.413157    
   1.231236       2.240102       2.957726       3.516273       4.157716    
   5.066807       6.243546       7.503181       8.603738       9.413054    
   1.230993       2.239784       2.957552       3.516363       4.158008    
   5.067100       6.243636       7.503007       8.603420       9.412811    
   1.230611       2.239284       2.957279       3.516505       4.158468    
   5.067559       6.243778       7.502734       8.602921       9.412430    
   1.230091       2.238603       2.956907       3.516700       4.159094    
   5.068185       6.243972       7.502362       8.602239       9.411909    
   1.229432       2.237740       2.956435       3.516945       4.159887    
   5.068978       6.244218       7.501890       8.601376       9.411250    
   1.228635       2.236696       2.955865       3.517242       4.160846    
   5.069937       6.244515       7.501320       8.600332       9.410454    
   1.227700       2.235471       2.955196       3.517591       4.161971    
   5.071062       6.244864       7.500651       8.599108       9.409518    
   1.226628       2.234067       2.954429       3.517990       4.163262    
   5.072353       6.245263       7.499884       8.597703       9.408446    
   1.225419       2.232483       2.953564       3.518441       4.164717    
   5.073808       6.245714       7.499019       8.596120       9.407237    
   1.224073       2.230721       2.952602       3.518943       4.166337    
   5.075428       6.246216       7.498056       8.594357       9.405891    
   1.222592       2.228780       2.951542       3.519495       4.168120    
   5.077211       6.246768       7.496997       8.592417       9.404409    
   1.220975       2.226663       2.950385       3.520098       4.170066    
   5.079157       6.247371       7.495840       8.590299       9.402793    
   1.219223       2.224369       2.949132       3.520751       4.172174    
   5.081265       6.248024       7.494587       8.588005       9.401041    
   1.217338       2.221900       2.947783       3.521454       4.174443    
   5.083535       6.248726       7.493238       8.585536       9.399157    
   1.215320       2.219257       2.946340       3.522206       4.176872    
   5.085964       6.249479       7.491795       8.582892       9.397138    
   1.213170       2.216440       2.944802       3.523007       4.179461    
   5.088552       6.250280       7.490257       8.580076       9.394988    
   1.210888       2.213452       2.943170       3.523858       4.182207    
   5.091298       6.251131       7.488625       8.577088       9.392706    
   1.208477       2.210294       2.941444       3.524757       4.185109    
   5.094200       6.252030       7.486899       8.573930       9.390295    
   1.205936       2.206966       2.939627       3.525704       4.188167    
   5.097259       6.252977       7.485082       8.570602       9.387754    
   1.203267       2.203470       2.937717       3.526699       4.191380    
   5.100471       6.253972       7.483172       8.567106       9.385085    
   1.200471       2.199809       2.935718       3.527741       4.194745    
   5.103836       6.255014       7.481173       8.563445       9.382289    
   1.197550       2.195982       2.933628       3.528830       4.198261    
   5.107352       6.256104       7.479083       8.559619       9.379368    
   1.194504       2.191993       2.931449       3.529966       4.201927    
   5.111018       6.257239       7.476903       8.555630       9.376322    
   1.191335       2.187843       2.929182       3.531147       4.205741    
   5.114832       6.258420       7.474637       8.551479       9.373153    
   1.188044       2.183533       2.926827       3.532374       4.209702    
   5.118793       6.259647       7.472282       8.547169       9.369863    
   1.184633       2.179065       2.924387       3.533646       4.213808    
   5.122899       6.260919       7.469842       8.542702       9.366451    
   1.181103       2.174442       2.921862       3.534961       4.218057    
   5.127148       6.262234       7.467317       8.538078       9.362921    
   1.177456       2.169665       2.919253       3.536321       4.222446    
   5.131537       6.263594       7.464708       8.533301       9.359274    
   1.173693       2.164736       2.916561       3.537724       4.226976    
   5.136067       6.264997       7.462016       8.528373       9.355511    
   1.169815       2.159658       2.913787       3.539169       4.231643    
   5.140734       6.266442       7.459242       8.523294       9.351633    
   1.165826       2.154433       2.910933       3.540657       4.236444    
   5.145536       6.267930       7.456388       8.518069       9.347644    
   1.161725       2.149062       2.908000       3.542185       4.241380    
   5.150471       6.269458       7.453454       8.512698       9.343543    
   1.157516       2.143549       2.904988       3.543755       4.246447    
   5.155538       6.271028       7.450443       8.507185       9.339334    
   1.153199       2.137896       2.901900       3.545364       4.251642    
   5.160733       6.272636       7.447355       8.501532       9.335017    
   1.148777       2.132104       2.898737       3.547012       4.256965    
   5.166056       6.274285       7.444192       8.495740       9.330595    
   1.144252       2.126177       2.895500       3.548699       4.262411    
   5.171503       6.275972       7.440955       8.489813       9.326070    
   1.139625       2.120117       2.892190       3.550424       4.267980    
   5.177071       6.277697       7.437645       8.483753       9.321444    
   1.134899       2.113927       2.888809       3.552186       4.273669    
   5.182760       6.279459       7.434264       8.477563       9.316717    
   1.130075       2.107610       2.885358       3.553984       4.279475    
   5.188566       6.281257       7.430813       8.471246       9.311893    
   1.125156       2.101167       2.881839       3.555818       4.285395    
   5.194486       6.283091       7.427294       8.464804       9.306974    
   1.120144       2.094602       2.878254       3.557686       4.291428    
   5.200519       6.284959       7.423708       8.458239       9.301962    
   1.115041       2.087919       2.874603       3.559589       4.297570    
   5.206661       6.286861       7.420058       8.451555       9.296859    
   1.109848       2.081118       2.870889       3.561524       4.303820    
   5.212911       6.288797       7.416344       8.444755       9.291667    
   1.104570       2.074205       2.867112       3.563492       4.310173    
   5.219264       6.290765       7.412568       8.437841       9.286388    
   1.099207       2.067181       2.863276       3.565491       4.316628    
   5.225719       6.292764       7.408731       8.430817       9.281025    
   1.093762       2.060049       2.859381       3.567521       4.323182    
   5.232273       6.294794       7.404836       8.423685       9.275579    
   1.088237       2.052814       2.855428       3.569581       4.329831    
   5.238923       6.296854       7.400884       8.416450       9.270055    
   1.082635       2.045477       2.851421       3.571669       4.336574    
   5.245665       6.298942       7.396876       8.409113       9.264453    
   1.076958       2.038041       2.847360       3.573785       4.343407    
   5.252498       6.301058       7.392815       8.401677       9.258777    
   1.071209       2.030511       2.843247       3.575928       4.350327    
   5.259418       6.303201       7.388702       8.394148       9.253027    
   1.065390       2.022890       2.839084       3.578098       4.357331    
   5.266422       6.305371       7.384539       8.386526       9.247208    
   1.059503       2.015180       2.834873       3.580292       4.364416    
   5.273507       6.307565       7.380328       8.378817       9.241322    
   1.053552       2.007385       2.830616       3.582511       4.371579    
   5.280670       6.309783       7.376070       8.371021       9.235370    
   1.047538       1.999509       2.826313       3.584753       4.378818    
   5.287909       6.312026       7.371768       8.363145       9.229356    
   1.041464       1.991554       2.821969       3.587017       4.386128    
   5.295219       6.314290       7.367424       8.355190       9.223283    
   1.035333       1.983524       2.817583       3.589302       4.393507    
   5.302598       6.316575       7.363038       8.347160       9.217152    
   1.029148       1.975424       2.813158       3.591608       4.400951    
   5.310042       6.318881       7.358613       8.339060       9.210966    
   1.022912       1.967255       2.808697       3.593933       4.408458    
   5.317549       6.321206       7.354151       8.330892       9.204730    
   1.016625       1.959022       2.804200       3.596277       4.416024    
   5.325115       6.323549       7.349655       8.322659       9.198443    
   1.010293       1.950729       2.799670       3.598637       4.423646    
   5.332737       6.325910       7.345125       8.314364       9.192111    
   1.003917       1.942378       2.795109       3.601014       4.431320    
   5.340411       6.328287       7.340563       8.306014       9.185735    
  0.9975000       1.933973       2.790518       3.603406       4.439044    
   5.348135       6.330679       7.335973       8.297609       9.179318    
  0.9910450       1.925519       2.785900       3.605813       4.446814    
   5.355905       6.333085       7.331355       8.289155       9.172863    
  0.9845543       1.917018       2.781257       3.608232       4.454626    
   5.363717       6.335505       7.326712       8.280654       9.166372    
  0.9780314       1.908475       2.776591       3.610664       4.462477    
   5.371568       6.337936       7.322045       8.272111       9.159849    
  0.9714788       1.899893       2.771903       3.613106       4.470364    
   5.379455       6.340379       7.317358       8.263529       9.153296    
  0.9648989       1.891275       2.767196       3.615559       4.478283    
   5.387374       6.342832       7.312651       8.254910       9.146717    
  0.9582952       1.882626       2.762472       3.618021       4.486231    
   5.395322       6.345294       7.307927       8.246262       9.140113    
  0.9516704       1.873949       2.757733       3.620491       4.494205    
   5.403296       6.347764       7.303187       8.237585       9.133489    
  0.9450268       1.865248       2.752980       3.622967       4.502202    
   5.411293       6.350240       7.298435       8.228884       9.126845    
  0.9383681       1.856527       2.748217       3.625450       4.510216    
   5.419307       6.352722       7.293672       8.220163       9.120186    
  0.9316964       1.847789       2.743444       3.627937       4.518246    
   5.427337       6.355209       7.288899       8.211425       9.113515    
  0.9250153       1.839038       2.738665       3.630427       4.526288    
   5.435379       6.357700       7.284119       8.202675       9.106833    
  0.9183273       1.830279       2.733880       3.632921       4.534338    
   5.443429       6.360193       7.279335       8.193915       9.100145    
  0.9116350       1.821514       2.729093       3.635415       4.542392    
   5.451483       6.362688       7.274548       8.185150       9.093453    
  0.9049420       1.812748       2.724305       3.637910       4.550448    
   5.459539       6.365183       7.269760       8.176384       9.086760    
  0.8982507       1.803984       2.719518       3.640405       4.558502    
   5.467593       6.367678       7.264973       8.167621       9.080069    
  0.8915638       1.795226       2.714734       3.642898       4.566550    
   5.475641       6.370171       7.260189       8.158862       9.073381    
  0.8848847       1.786479       2.709956       3.645387       4.574589    
   5.483680       6.372660       7.255411       8.150115       9.066703    
  0.8782158       1.777744       2.705186       3.647874       4.582616    
   5.491707       6.375146       7.250640       8.141380       9.060034    
  0.8715605       1.769027       2.700425       3.650355       4.590627    
   5.499718       6.377627       7.245879       8.132664       9.053379    
  0.8649215       1.760332       2.695675       3.652829       4.598618    
   5.507709       6.380102       7.241130       8.123968       9.046740    
  0.8583011       1.751661       2.690939       3.655298       4.606586    
   5.515677       6.382570       7.236394       8.115297       9.040119    
  0.8517030       1.743020       2.686219       3.657757       4.614528    
   5.523619       6.385030       7.231674       8.106656       9.033521    
  0.8451293       1.734410       2.681516       3.660208       4.622440    
   5.531531       6.387480       7.226971       8.098046       9.026947    
  0.8385835       1.725837       2.676834       3.662648       4.630318    
   5.539409       6.389921       7.222289       8.089473       9.020402    
  0.8320681       1.717304       2.672173       3.665077       4.638160    
   5.547251       6.392349       7.217628       8.080939       9.013886    
  0.8255857       1.708813       2.667536       3.667493       4.645963    
   5.555054       6.394766       7.212990       8.072450       9.007403    
  0.8191396       1.700371       2.662924       3.669896       4.653721    
   5.562812       6.397169       7.208379       8.064007       9.000957    
  0.8127323       1.691979       2.658341       3.672285       4.661433    
   5.570524       6.399558       7.203795       8.055615       8.994551    
  0.8063663       1.683641       2.653787       3.674658       4.669096    
   5.578187       6.401931       7.199241       8.047277       8.988184    
  0.8000448       1.675362       2.649264       3.677015       4.676704    
   5.585795       6.404287       7.194719       8.038998       8.981863    
  0.7937701       1.667144       2.644776       3.679354       4.684257    
   5.593348       6.406626       7.190230       8.030780       8.975588    
  0.7875455       1.658991       2.640323       3.681674       4.691749    
   5.600840       6.408947       7.185778       8.022628       8.969363    
  0.7813733       1.650907       2.635907       3.683975       4.699177    
   5.608268       6.411248       7.181362       8.014544       8.963191    
  0.7752559       1.642895       2.631531       3.686255       4.706541    
   5.615632       6.413528       7.176986       8.006532       8.957074    
  0.7691966       1.634959       2.627197       3.688514       4.713833    
   5.622924       6.415787       7.172651       7.998595       8.951015    
  0.7631975       1.627102       2.622905       3.690751       4.721054    
   5.630145       6.418024       7.168360       7.990738       8.945016    
  0.7572612       1.619327       2.618658       3.692964       4.728199    
   5.637290       6.420237       7.164113       7.982963       8.939079    
  0.7513906       1.611638       2.614459       3.695152       4.735265    
   5.644356       6.422425       7.159913       7.975275       8.933208    
  0.7455878       1.604038       2.610307       3.697315       4.742249    
   5.651340       6.424588       7.155762       7.967674       8.927405    
  0.7398557       1.596531       2.606207       3.699452       4.749149    
   5.658239       6.426725       7.151661       7.960167       8.921674    
  0.7341967       1.589119       2.602159       3.701562       4.755960    
   5.665051       6.428834       7.147613       7.952755       8.916015    
  0.7286128       1.581806       2.598164       3.703643       4.762681    
   5.671772       6.430916       7.143619       7.945442       8.910431    
  0.7231072       1.574595       2.594225       3.705696       4.769308    
   5.678399       6.432969       7.139680       7.938231       8.904925    
  0.7176814       1.567489       2.590344       3.707719       4.775838    
   5.684929       6.434991       7.135799       7.931125       8.899500    
  0.7123385       1.560491       2.586522       3.709710       4.782269    
   5.691360       6.436983       7.131977       7.924127       8.894156    
  0.7070805       1.553604       2.582761       3.711670       4.788598    
   5.697689       6.438943       7.128215       7.917241       8.888899    
  0.7019093       1.546832       2.579061       3.713598       4.794822    
   5.703912       6.440871       7.124516       7.910468       8.883727    
  0.6968278       1.540176       2.575426       3.715492       4.800938    
   5.710029       6.442765       7.120881       7.903812       8.878646    
  0.6918378       1.533641       2.571856       3.717353       4.806944    
   5.716034       6.444625       7.117311       7.897277       8.873656    
  0.6869414       1.527228       2.568354       3.719178       4.812837    
   5.721928       6.446451       7.113808       7.890864       8.868759    
  0.6821410       1.520941       2.564919       3.720968       4.818615    
   5.727706       6.448240       7.110374       7.884577       8.863959    
  0.6774383       1.514781       2.561555       3.722721       4.824275    
   5.733366       6.449993       7.107010       7.878417       8.859257    
  0.6728357       1.508753       2.558263       3.724436       4.829815    
   5.738906       6.451709       7.103717       7.872389       8.854653    
  0.6683351       1.502859       2.555043       3.726114       4.835232    
   5.744323       6.453387       7.100498       7.866495       8.850153    
  0.6639381       1.497100       2.551898       3.727753       4.840524    
   5.749615       6.455026       7.097353       7.860736       8.845757    
  0.6596470       1.491480       2.548828       3.729353       4.845689    
   5.754780       6.456625       7.094283       7.855116       8.841465    
  0.6554636       1.486001       2.545835       3.730912       4.850724    
   5.759815       6.458185       7.091290       7.849637       8.837281    
  0.6513895       1.480665       2.542921       3.732431       4.855628    
   5.764719       6.459704       7.088376       7.844301       8.833207    
  0.6474266       1.475474       2.540086       3.733908       4.860398    
   5.769489       6.461181       7.085540       7.839110       8.829245    
  0.6435764       1.470432       2.537332       3.735344       4.865032    
   5.774123       6.462616       7.082786       7.834068       8.825395    
  0.6398411       1.465539       2.534659       3.736736       4.869528    
   5.778619       6.464009       7.080114       7.829175       8.821659    
  0.6362218       1.460799       2.532070       3.738086       4.873884    
   5.782975       6.465358       7.077525       7.824435       8.818040    
  0.6327201       1.456213       2.529565       3.739391       4.878099    
   5.787189       6.466663       7.075020       7.819849       8.814538    
  0.6293377       1.451783       2.527146       3.740652       4.882170    
   5.791261       6.467925       7.072600       7.815419       8.811155    
  0.6260759       1.447511       2.524812       3.741868       4.886096    
   5.795187       6.469141       7.070267       7.811147       8.807894    
  0.6229364       1.443399       2.522566       3.743038       4.889874    
   5.798965       6.470311       7.068021       7.807035       8.804754    
  0.6199203       1.439449       2.520409       3.744163       4.893505    
   5.802596       6.471435       7.065863       7.803085       8.801739    
  0.6170287       1.435662       2.518340       3.745240       4.896985    
   5.806076       6.472513       7.063795       7.799298       8.798847    
  0.6142633       1.432040       2.516362       3.746271       4.900313    
   5.809404       6.473544       7.061816       7.795676       8.796082    
  0.6116251       1.428585       2.514475       3.747255       4.903489    
   5.812580       6.474527       7.059929       7.792221       8.793443    
  0.6091151       1.425297       2.512679       3.748190       4.906510    
   5.815601       6.475463       7.058134       7.788933       8.790934    
  0.6067346       1.422179       2.510976       3.749078       4.909375    
   5.818466       6.476350       7.056431       7.785816       8.788552    
  0.6044846       1.419232       2.509367       3.749917       4.912084    
   5.821175       6.477189       7.054821       7.782868       8.786303    
  0.6023659       1.416458       2.507851       3.750706       4.914634    
   5.823724       6.477979       7.053305       7.780094       8.784184    
  0.6003796       1.413856       2.506430       3.751447       4.917024    
   5.826115       6.478720       7.051885       7.777492       8.782198    
  0.5985264       1.411429       2.505104       3.752138       4.919255    
   5.828346       6.479410       7.050559       7.775065       8.780344    
  0.5968072       1.409177       2.503874       3.752779       4.921324    
   5.830415       6.480051       7.049329       7.772813       8.778625    
  0.5952227       1.407102       2.502741       3.753369       4.923231    
   5.832322       6.480642       7.048195       7.770738       8.777040    
  0.5937736       1.405204       2.501704       3.753910       4.924975    
   5.834066       6.481182       7.047159       7.768840       8.775592    
  0.5924606       1.403484       2.500765       3.754399       4.926556    
   5.835647       6.481672       7.046219       7.767120       8.774279    
  0.5912841       1.401943       2.499923       3.754838       4.927972    
   5.837063       6.482110       7.045378       7.765580       8.773102    
  0.5902448       1.400582       2.499180       3.755225       4.929223    
   5.838314       6.482498       7.044634       7.764218       8.772062    
  0.5893430       1.399401       2.498535       3.755561       4.930308    
   5.839399       6.482834       7.043989       7.763037       8.771161    
  0.5885791       1.398401       2.497988       3.755846       4.931228    
   5.840319       6.483119       7.043443       7.762037       8.770397    
