  0.7500000       1.500000       2.250000    
  0.7501562       1.500000       2.250000    
  0.7506245       1.500000       2.250000    
  0.7514035       1.500000       2.250000    
  0.7524907       1.500002       2.250000    
  0.7538832       1.500004       2.250000    
  0.7555769       1.500009       2.250000    
  0.7575672       1.500018       2.250000    
  0.7598485       1.500031       2.250000    
  0.7624146       1.500051       2.250000    
  0.7652583       1.500077       2.250000    
  0.7683717       1.500114       2.250000    
  0.7717464       1.500161       2.250000    
  0.7753730       1.500222       2.250000    
  0.7792416       1.500299       2.250001    
  0.7833415       1.500393       2.250002    
  0.7876613       1.500508       2.250003    
  0.7921892       1.500646       2.250004    
  0.7969125       1.500809       2.250005    
  0.8018181       1.501000       2.250008    
  0.8068923       1.501223       2.250010    
  0.8121210       1.501479       2.250014    
  0.8174894       1.501773       2.250018    
  0.8229825       1.502106       2.250023    
  0.8285846       1.502483       2.250030    
  0.8342797       1.502905       2.250038    
  0.8400517       1.503377       2.250048    
  0.8458837       1.503900       2.250060    
  0.8517590       1.504479       2.250074    
  0.8576604       1.505116       2.250091    
  0.8635705       1.505814       2.250111    
  0.8694718       1.506575       2.250135    
  0.8753465       1.507403       2.250162    
  0.8811771       1.508301       2.250194    
  0.8869455       1.509270       2.250231    
  0.8926340       1.510313       2.250274    
  0.8982249       1.511433       2.250322    
  0.9037003       1.512631       2.250377    
  0.9090427       1.513910       2.250440    
  0.9142345       1.515271       2.250511    
  0.9192584       1.516716       2.250591    
  0.9240975       1.518247       2.250680    
  0.9287348       1.519864       2.250780    
  0.9331539       1.521568       2.250891    
  0.9373385       1.523360       2.251015    
  0.9412729       1.525241       2.251152    
  0.9449417       1.527211       2.251303    
  0.9483299       1.529270       2.251470    
  0.9514231       1.531417       2.251653    
  0.9542073       1.533651       2.251854    
  0.9566692       1.535972       2.252073    
  0.9587958       1.538379       2.252313    
  0.9605750       1.540870       2.252573    
  0.9619953       1.543444       2.252856    
  0.9630457       1.546097       2.253162    
  0.9637161       1.548828       2.253493    
  0.9639969       1.551633       2.253850    
  0.9638796       1.554511       2.254235    
  0.9633561       1.557456       2.254649    
  0.9624192       1.560467       2.255092    
  0.9610627       1.563537       2.255567    
  0.9592809       1.566664       2.256075    
  0.9570693       1.569842       2.256617    
  0.9544241       1.573066       2.257194    
  0.9513423       1.576331       2.257808    
  0.9478219       1.579632       2.258460    
  0.9438618       1.582962       2.259151    
  0.9394618       1.586316       2.259882    
  0.9346226       1.589686       2.260656    
  0.9293457       1.593066       2.261472    
  0.9236338       1.596449       2.262331    
  0.9174903       1.599828       2.263236    
  0.9109195       1.603195       2.264186    
  0.9039269       1.606543       2.265183    
  0.8965186       1.609863       2.266228    
  0.8887017       1.613147       2.267321    
  0.8804843       1.616388       2.268463    
  0.8718753       1.619576       2.269655    
  0.8628845       1.622704       2.270898    
  0.8535227       1.625762       2.272190    
  0.8438013       1.628741       2.273534    
  0.8337327       1.631632       2.274929    
  0.8233300       1.634427       2.276375    
  0.8126074       1.637116       2.277872    
  0.8015795       1.639691       2.279419    
  0.7902617       1.642141       2.281018    
  0.7786704       1.644458       2.282666    
  0.7668225       1.646633       2.284364    
  0.7547354       1.648657       2.286111    
  0.7424275       1.650520       2.287905    
  0.7299177       1.652215       2.289747    
  0.7172253       1.653731       2.291634    
  0.7043702       1.655060       2.293565    
  0.6913730       1.656195       2.295538    
  0.6782546       1.657126       2.297552    
  0.6650363       1.657845       2.299605    
  0.6517400       1.658345       2.301694    
  0.6383877       1.658617       2.303818    
  0.6250020       1.658656       2.305974    
  0.6116054       1.658453       2.308159    
  0.5982211       1.658001       2.310371    
  0.5848721       1.657295       2.312606    
  0.5715817       1.656328       2.314861    
  0.5583735       1.655094       2.317132    
  0.5452707       1.653589       2.319417    
  0.5322971       1.651807       2.321711    
  0.5194761       1.649744       2.324011    
  0.5068310       1.647396       2.326311    
  0.4943852       1.644759       2.328608    
  0.4821619       1.641831       2.330897    
  0.4701840       1.638608       2.333174    
  0.4584743       1.635089       2.335434    
  0.4470552       1.631272       2.337671    
  0.4359487       1.627156       2.339881    
  0.4251767       1.622742       2.342058    
  0.4147606       1.618028       2.344197    
  0.4047210       1.613016       2.346292    
  0.3950785       1.607706       2.348336    
  0.3858530       1.602102       2.350326    
  0.3770636       1.596205       2.352254    
  0.3687290       1.590018       2.354114    
  0.3608674       1.583546       2.355900    
  0.3534959       1.576792       2.357606    
  0.3466312       1.569761       2.359226    
  0.3402892       1.562459       2.360753    
  0.3344849       1.554892       2.362180    
  0.3292327       1.547066       2.363502    
  0.3245458       1.538990       2.364711    
  0.3204368       1.530670       2.365801    
  0.3169174       1.522116       2.366765    
  0.3139981       1.513337       2.367598    
  0.3116889       1.504341       2.368291    
  0.3099983       1.495140       2.368840    
  0.3089342       1.485744       2.369237    
  0.3085033       1.476165       2.369476    
  0.3087113       1.466414       2.369550    
  0.3095630       1.456504       2.369455    
  0.3110617       1.446448       2.369182    
  0.3132102       1.436258       2.368727    
  0.3160097       1.425949       2.368084    
  0.3194608       1.415536       2.367247    
  0.3235626       1.405032       2.366211    
  0.3283132       1.394452       2.364970    
  0.3337097       1.383813       2.363519    
  0.3397481       1.373130       2.361854    
  0.3464231       1.362419       2.359969    
  0.3537286       1.351696       2.357861    
  0.3616571       1.340978       2.355526    
  0.3702002       1.330282       2.352959    
  0.3793483       1.319625       2.350157    
  0.3890909       1.309025       2.347117    
  0.3994164       1.298499       2.343836    
  0.4103120       1.288063       2.340312    
  0.4217641       1.277737       2.336543    
  0.4337581       1.267538       2.332526    
  0.4462781       1.257483       2.328261    
  0.4593076       1.247590       2.323746    
  0.4728290       1.237877       2.318981    
  0.4868240       1.228362       2.313967    
  0.5012730       1.219062       2.308702    
  0.5161561       1.209995       2.303188    
  0.5314521       1.201177       2.297426    
  0.5471392       1.192625       2.291418    
  0.5631949       1.184357       2.285167    
  0.5795960       1.176389       2.278673    
  0.5963186       1.168737       2.271942    
  0.6133380       1.161417       2.264976    
  0.6306291       1.154444       2.257780    
  0.6481661       1.147833       2.250357    
  0.6659227       1.141599       2.242714    
  0.6838723       1.135756       2.234856    
  0.7019876       1.130318       2.226789    
  0.7202412       1.125297       2.218520    
  0.7386050       1.120707       2.210057    
  0.7570509       1.116559       2.201405    
  0.7755505       1.112864       2.192575    
  0.7940750       1.109634       2.183574    
  0.8125955       1.106878       2.174413    
  0.8310832       1.104605       2.165100    
  0.8495090       1.102824       2.155646    
  0.8678439       1.101543       2.146061    
  0.8860588       1.100769       2.136358    
  0.9041249       1.100509       2.126546    
  0.9220134       1.100767       2.116640    
  0.9396956       1.101548       2.106650    
  0.9571431       1.102857       2.096590    
  0.9743277       1.104696       2.086474    
  0.9912218       1.107067       2.076315    
   1.007798       1.109972       2.066127    
   1.024029       1.113411       2.055926    
   1.039888       1.117383       2.045725    
   1.055349       1.121887       2.035540    
   1.070387       1.126921       2.025388    
   1.084976       1.132481       2.015282    
   1.099093       1.138564       2.005240    
   1.112713       1.145164       1.995279    
   1.125815       1.152275       1.985414    
   1.138374       1.159891       1.975662    
   1.150371       1.168003       1.966040    
   1.161784       1.176603       1.956566    
   1.172594       1.185682       1.947257    
   1.182782       1.195228       1.938129    
   1.192330       1.205232       1.929201    
   1.201221       1.215680       1.920490    
   1.209439       1.226559       1.912012    
   1.216969       1.237857       1.903787    
   1.223797       1.249558       1.895830    
   1.229911       1.261647       1.888159    
   1.235298       1.274107       1.880792    
   1.239948       1.286923       1.873745    
   1.243852       1.300077       1.867036    
   1.247000       1.313550       1.860680    
   1.249386       1.327323       1.854694    
   1.251004       1.341378       1.849095    
   1.251849       1.355693       1.843898    
   1.251918       1.370249       1.839118    
   1.251207       1.385024       1.834771    
   1.249715       1.399997       1.830871    
   1.247443       1.415145       1.827433    
   1.244392       1.430446       1.824470    
   1.240564       1.445877       1.821995    
   1.235962       1.461415       1.820022    
   1.230592       1.477036       1.818563    
   1.224460       1.492717       1.817628    
   1.217572       1.508433       1.817230    
   1.209938       1.524161       1.817377    
   1.201566       1.539875       1.818081    
   1.192469       1.555552       1.819350    
   1.182656       1.571167       1.821193    
   1.172142       1.586695       1.823615    
   1.160941       1.602112       1.826625    
   1.149067       1.617394       1.830229    
   1.136538       1.632516       1.834431    
   1.123371       1.647454       1.839235    
   1.109583       1.662185       1.844645    
   1.095194       1.676684       1.850663    
   1.080225       1.690928       1.857291    
   1.064697       1.704895       1.864530    
   1.048632       1.718561       1.872379    
   1.032053       1.731905       1.880836    
   1.014984       1.744903       1.889901    
  0.9974494       1.757537       1.899568    
  0.9794746       1.769784       1.909835    
  0.9610858       1.781624       1.920696    
  0.9423098       1.793038       1.932145    
  0.9231740       1.804008       1.944174    
  0.9037065       1.814514       1.956776    
  0.8839358       1.824540       1.969942    
  0.8638911       1.834068       1.983661    
  0.8436019       1.843084       1.997921    
  0.8230982       1.851571       2.012712    
  0.8024103       1.859516       2.028018    
  0.7815690       1.866905       2.043828    
  0.7606052       1.873727       2.060124    
  0.7395502       1.879969       2.076892    
  0.7184353       1.885621       2.094114    
  0.6972921       1.890674       2.111772    
  0.6761522       1.895118       2.129847    
  0.6550474       1.898948       2.148320    
  0.6340094       1.902155       2.167169    
  0.6130697       1.904735       2.186373    
  0.5922598       1.906684       2.205910    
  0.5716113       1.907998       2.225757    
  0.5511553       1.908675       2.245889    
  0.5309228       1.908714       2.266282    
  0.5109444       1.908115       2.286910    
  0.4912506       1.906880       2.307747    
  0.4718713       1.905010       2.328766    
  0.4528361       1.902508       2.349941    
  0.4341741       1.899381       2.371242    
  0.4159139       1.895632       2.392641    
  0.3980835       1.891268       2.414109    
  0.3807104       1.886298       2.435617    
  0.3638213       1.880730       2.457135    
  0.3474426       1.874573       2.478631    
  0.3315995       1.867840       2.500076    
  0.3163168       1.860541       2.521439    
  0.3016185       1.852690       2.542687    
  0.2875275       1.844301       2.563790    
  0.2740662       1.835388       2.584716    
  0.2612558       1.825967       2.605433    
  0.2491169       1.816056       2.625910    
  0.2376690       1.805671       2.646115    
  0.2269305       1.794831       2.666015    
  0.2169190       1.783555       2.685579    
  0.2076511       1.771864       2.704777    
  0.1991420       1.759778       2.723575    
  0.1914063       1.747319       2.741944    
  0.1844572       1.734508       2.759853    
  0.1783069       1.721370       2.777270    
  0.1729665       1.707927       2.794167    
  0.1684458       1.694204       2.810513    
  0.1647537       1.680224       2.826281    
  0.1618976       1.666014       2.841440    
  0.1598841       1.651597       2.855963    
  0.1587184       1.637002       2.869824    
  0.1584044       1.622252       2.882995    
  0.1589450       1.607376       2.895452    
  0.1603419       1.592400       2.907168    
  0.1625954       1.577350       2.918120    
  0.1657048       1.562254       2.928286    
  0.1696682       1.547138       2.937642    
  0.1744822       1.532031       2.946168    
  0.1801427       1.516959       2.953843    
  0.1866439       1.501950       2.960649    
  0.1939792       1.487031       2.966568    
  0.2021406       1.472227       2.971582    
  0.2111192       1.457568       2.975677    
  0.2209047       1.443078       2.978838    
  0.2314858       1.428784       2.981052    
  0.2428500       1.414712       2.982307    
  0.2549838       1.400888       2.982594    
  0.2678726       1.387336       2.981902    
  0.2815008       1.374081       2.980225    
  0.2958516       1.361148       2.977556    
  0.3109074       1.348559       2.973890    
  0.3266495       1.336337       2.969224    
  0.3430583       1.324505       2.963557    
  0.3601133       1.313084       2.956887    
  0.3777928       1.302095       2.949217    
  0.3960748       1.291558       2.940549    
  0.4149359       1.281492       2.930887    
  0.4343522       1.271916       2.920237    
  0.4542991       1.262847       2.908606    
  0.4747510       1.254301       2.896003    
  0.4956817       1.246294       2.882439    
  0.5170645       1.238841       2.867925    
  0.5388717       1.231955       2.852476    
  0.5610754       1.225649       2.836105    
  0.5836470       1.219935       2.818830    
  0.6065573       1.214823       2.800668    
  0.6297767       1.210321       2.781640    
  0.6532751       1.206440       2.761765    
  0.6770222       1.203184       2.741067    
  0.7009870       1.200562       2.719569    
  0.7251385       1.198577       2.697297    
  0.7494453       1.197233       2.674277    
  0.7738757       1.196533       2.650537    
  0.7983979       1.196477       2.626106    
  0.8229800       1.197067       2.601015    
  0.8475899       1.198300       2.575296    
  0.8721954       1.200175       2.548981    
  0.8967644       1.202689       2.522105    
  0.9212647       1.205836       2.494703    
  0.9456643       1.209611       2.466810    
  0.9699311       1.214007       2.438465    
  0.9940333       1.219017       2.409705    
   1.017939       1.224630       2.380570    
   1.041618       1.230837       2.351099    
   1.065037       1.237625       2.321334    
   1.088167       1.244984       2.291315    
   1.110976       1.252899       2.261085    
   1.133435       1.261355       2.230687    
   1.155514       1.270338       2.200163    
   1.177183       1.279830       2.169559    
   1.198414       1.289815       2.138916    
   1.219178       1.300273       2.108282    
   1.239449       1.311186       2.077699    
   1.259197       1.322533       2.047214    
   1.278399       1.334293       2.016872    
   1.297026       1.346446       1.986717    
   1.315055       1.358968       1.956795    
   1.332461       1.371836       1.927152    
   1.349219       1.385027       1.897832    
   1.365309       1.398517       1.868881    
   1.380706       1.412279       1.840342    
   1.395391       1.426290       1.812261    
   1.409343       1.440523       1.784682    
   1.422542       1.454951       1.757646    
   1.434969       1.469548       1.731199    
   1.446608       1.484288       1.705380    
   1.457442       1.499142       1.680233    
   1.467454       1.514083       1.655798    
   1.476630       1.529084       1.632115    
   1.484957       1.544116       1.609222    
   1.492422       1.559152       1.587158    
   1.499012       1.574164       1.565960    
   1.504719       1.589124       1.545664    
   1.509531       1.604004       1.526304    
   1.513441       1.618776       1.507914    
   1.516441       1.633413       1.490526    
   1.518526       1.647888       1.474171    
   1.519689       1.662173       1.458879    
   1.519927       1.676242       1.444677    
   1.519237       1.690068       1.431592    
   1.517618       1.703626       1.419650    
   1.515067       1.716890       1.408874    
   1.511587       1.729835       1.399284    
   1.507177       1.742437       1.390902    
   1.501842       1.754673       1.383746    
   1.495585       1.766518       1.377833    
   1.488410       1.777951       1.373176    
   1.480325       1.788950       1.369790    
   1.471334       1.799493       1.367685    
   1.461448       1.809562       1.366871    
   1.450675       1.819136       1.367355    
   1.439025       1.828197       1.369141    
   1.426510       1.836728       1.372235    
   1.413142       1.844711       1.376637    
   1.398934       1.852133       1.382346    
   1.383902       1.858977       1.389360    
   1.368061       1.865230       1.397675    
   1.351426       1.870881       1.407285    
   1.334015       1.875916       1.418180    
   1.315848       1.880327       1.430350    
   1.296942       1.884103       1.443783    
   1.277318       1.887237       1.458464    
   1.256998       1.889721       1.474377    
   1.236003       1.891550       1.491504    
   1.214355       1.892719       1.509824    
   1.192079       1.893225       1.529316    
   1.169199       1.893064       1.549954    
   1.145739       1.892237       1.571713    
   1.121726       1.890742       1.594566    
   1.097186       1.888581       1.618483    
   1.072147       1.885756       1.643433    
   1.046636       1.882271       1.669382    
   1.020681       1.878131       1.696297    
  0.9943123       1.873340       1.724140    
  0.9675587       1.867907       1.752875    
  0.9404505       1.861839       1.782461    
  0.9130183       1.855145       1.812858    
  0.8852932       1.847836       1.844024    
  0.8573065       1.839922       1.875915    
  0.8290902       1.831416       1.908486    
  0.8006765       1.822332       1.941692    
  0.7720978       1.812684       1.975485    
  0.7433869       1.802487       2.009817    
  0.7145770       1.791757       2.044638    
  0.6857011       1.780512       2.079898    
  0.6567929       1.768769       2.115547    
  0.6278858       1.756548       2.151532    
  0.5990134       1.743869       2.187800    
  0.5702095       1.730751       2.224299    
  0.5415078       1.717216       2.260975    
  0.5129420       1.703285       2.297772    
  0.4845458       1.688983       2.334637    
  0.4563528       1.674330       2.371515    
  0.4283965       1.659353       2.408349    
  0.4007100       1.644073       2.445085    
  0.3733266       1.628518       2.481668    
  0.3462791       1.612711       2.518041    
  0.3196001       1.596678       2.554149    
  0.2933218       1.580445       2.589938    
  0.2674761       1.564039       2.625352    
  0.2420947       1.547485       2.660337    
  0.2172086       1.530811       2.694838    
  0.1928485       1.514044       2.728803    
  0.1690445       1.497210       2.762177    
  0.1458264       1.480337       2.794910    
  0.1232231       1.463451       2.826948    
  0.1012633       1.446579       2.858243    
  7.9974636E-02   1.429749       2.888744    
  5.9384428E-02   1.412988       2.918402    
  3.9519139E-02   1.396321       2.947170    
  2.0404540E-02   1.379776       2.975001    
  2.0656381E-03   1.363378       3.001850    
 -1.5473355E-02   1.347154       3.027674    
 -3.2189041E-02   1.331128       3.052431    
 -4.8058879E-02   1.315326       3.076078    
 -6.3061208E-02   1.299773       3.098577    
 -7.7175267E-02   1.284492       3.119889    
 -9.0381242E-02   1.269507       3.139979    
 -0.1026603       1.254842       3.158812    
 -0.1139945       1.240518       3.176356    
 -0.1243671       1.226558       3.192578    
 -0.1337622       1.212982       3.207452    
 -0.1421650       1.199812       3.220948    
 -0.1495619       1.187066       3.233043    
 -0.1559403       1.174763       3.243713    
 -0.1612888       1.162923       3.252937    
 -0.1655970       1.151561       3.260696    
 -0.1688557       1.140694       3.266973    
 -0.1710571       1.130338       3.271754    
 -0.1721943       1.120507       3.275027    
 -0.1722616       1.111215       3.276780    
 -0.1712549       1.102475       3.277006    
 -0.1691708       1.094298       3.275700    
 -0.1660075       1.086694       3.272857    
 -0.1617644       1.079675       3.268476    
 -0.1564420       1.073248       3.262560    
 -0.1500423       1.067421       3.255110    
 -0.1425683       1.062200       3.246133    
 -0.1340244       1.057592       3.235637    
 -0.1244164       1.053600       3.223632    
 -0.1137512       1.050229       3.210129    
 -0.1020370       1.047481       3.195146    
 -8.9283392E-02   1.045356       3.178697    
 -7.5501077E-02   1.043856       3.160803    
 -6.0702123E-02   1.042980       3.141484    
 -4.4899832E-02   1.042726       3.120765    
 -2.8108766E-02   1.043091       3.098672    
 -1.0344723E-02   1.044072       3.075231    
  8.3752610E-03   1.045663       3.050473    
  2.8032931E-02   1.047859       3.024431    
  4.8608817E-02   1.050654       2.997137    
  7.0082270E-02   1.054039       2.968628    
  9.2431448E-02   1.058006       2.938941    
  0.1156334       1.062545       2.908117    
  0.1396639       1.067646       2.876196    
  0.1644977       1.073298       2.843222    
  0.1901086       1.079488       2.809239    
  0.2164690       1.086203       2.774293    
  0.2435505       1.093430       2.738434    
  0.2713237       1.101155       2.701709    
  0.2997579       1.109361       2.664170    
  0.3288218       1.118033       2.625869    
  0.3584831       1.127154       2.586859    
  0.3887083       1.136708       2.547195    
  0.4194634       1.146676       2.506932    
  0.4507133       1.157039       2.466126    
  0.4824224       1.167780       2.424836    
  0.5145540       1.178877       2.383120    
  0.5470709       1.190313       2.341036    
  0.5799351       1.202065       2.298645    
  0.6131081       1.214115       2.256006    
  0.6465507       1.226439       2.213181    
  0.6802232       1.239019       2.170232    
  0.7140852       1.251831       2.127218    
  0.7480962       1.264854       2.084203    
  0.7822149       1.278066       2.041248    
  0.8163999       1.291446       1.998416    
  0.8506094       1.304970       1.955767    
  0.8848012       1.318617       1.913365    
  0.9189331       1.332365       1.871270    
  0.9529625       1.346191       1.829543    
  0.9868469       1.360074       1.788247    
   1.020543       1.373991       1.747440    
   1.054010       1.387920       1.707182    
   1.087202       1.401840       1.667534    
   1.120080       1.415729       1.628552    
   1.152599       1.429567       1.590295    
   1.184717       1.443332       1.552818    
   1.216393       1.457003       1.516178    
   1.247585       1.470561       1.480428    
   1.278252       1.483986       1.445623    
   1.308352       1.497258       1.411813    
   1.337845       1.510359       1.379049    
   1.366691       1.523269       1.347381    
   1.394851       1.535972       1.316856    
   1.422286       1.548449       1.287521    
   1.448958       1.560684       1.259419    
   1.474830       1.572661       1.232594    
   1.499865       1.584364       1.207086    
   1.524027       1.595779       1.182936    
   1.547282       1.606890       1.160179    
   1.569596       1.617685       1.138852    
   1.590936       1.628150       1.118988    
   1.611269       1.638273       1.100618    
   1.630567       1.648044       1.083772    
   1.648798       1.657450       1.068477    
   1.665934       1.666483       1.054758    
   1.681948       1.675133       1.042637    
   1.696815       1.683392       1.032136    
   1.710510       1.691252       1.023272    
   1.723009       1.698707       1.016062    
   1.734292       1.705749       1.010518    
   1.744336       1.712375       1.006654    
   1.753124       1.718580       1.004477    
   1.760638       1.724359       1.003994    
   1.766863       1.729711       1.005209    
   1.771783       1.734633       1.008124    
   1.775387       1.739124       1.012739    
   1.777663       1.743183       1.019051    
   1.778603       1.746812       1.027054    
   1.778197       1.750010       1.036740    
   1.776442       1.752779       1.048100    
   1.773331       1.755123       1.061121    
   1.768864       1.757045       1.075788    
   1.763038       1.758547       1.092084    
   1.755856       1.759636       1.109990    
   1.747320       1.760316       1.129483    
   1.737435       1.760594       1.150540    
   1.726206       1.760476       1.173135    
   1.713644       1.759969       1.197240    
   1.699757       1.759082       1.222823    
   1.684558       1.757822       1.249853    
   1.668060       1.756198       1.278295    
   1.650279       1.754221       1.308111    
   1.631233       1.751899       1.339265    
   1.610939       1.749245       1.371715    
   1.589420       1.746268       1.405419    
   1.566698       1.742979       1.440333    
   1.542798       1.739391       1.476412    
   1.517745       1.735516       1.513607    
   1.491567       1.731366       1.551871    
   1.464294       1.726954       1.591152    
   1.435958       1.722293       1.631399    
   1.406590       1.717396       1.672559    
   1.376225       1.712276       1.714576    
   1.344899       1.706948       1.757396    
   1.312649       1.701425       1.800961    
   1.279515       1.695722       1.845214    
   1.245537       1.689851       1.890095    
   1.210755       1.683828       1.935545    
   1.175214       1.677667       1.981503    
   1.138958       1.671382       2.027909    
   1.102031       1.664986       2.074698    
   1.064482       1.658495       2.121811    
   1.026356       1.651922       2.169182    
  0.9877048       1.645282       2.216750    
  0.9485764       1.638587       2.264450    
  0.9090222       1.631853       2.312219    
  0.8690939       1.625092       2.359992    
  0.8288440       1.618318       2.407706    
  0.7883258       1.611544       2.455297    
  0.7475932       1.604783       2.502701    
  0.7067008       1.598048       2.549855    
  0.6657037       1.591350       2.596695    
  0.6246573       1.584702       2.643158    
  0.5836178       1.578116       2.689183    
  0.5426413       1.571603       2.734708    
  0.5017843       1.565174       2.779671    
  0.4611036       1.558839       2.824013    
  0.4206558       1.552609       2.867674    
  0.3804977       1.546493       2.910595    
  0.3406860       1.540502       2.952719    
  0.3012772       1.534643       2.993990    
  0.2623276       1.528926       3.034353    
  0.2238933       1.523358       3.073753    
  0.1860297       1.517947       3.112137    
  0.1487921       1.512700       3.149455    
  0.1122349       1.507623       3.185655    
  7.6412193E-02   1.502724       3.220691    
  4.1377123E-02   1.498007       3.254514    
  7.1821362E-03   1.493477       3.287081    
 -2.6121210E-02   1.489140       3.318346    
 -5.8482297E-02   1.484999       3.348269    
 -8.9851543E-02   1.481058       3.376809    
 -0.1201805       1.477320       3.403929    
 -0.1494217       1.473788       3.429591    
 -0.1775293       1.470464       3.453762    
 -0.2044584       1.467349       3.476409    
 -0.2301658       1.464446       3.497502    
 -0.2546095       1.461754       3.517013    
 -0.2777492       1.459274       3.534916    
 -0.2995462       1.457006       3.551187    
 -0.3199633       1.454949       3.565804    
 -0.3389653       1.453102       3.578748    
 -0.3565185       1.451463       3.590000    
 -0.3725912       1.450031       3.599547    
 -0.3871537       1.448804       3.607375    
 -0.4001779       1.447779       3.613474    
 -0.4116381       1.446952       3.617835    
 -0.4215105       1.446320       3.620453    
 -0.4297733       1.445880       3.621323    
 -0.4364070       1.445627       3.620445    
 -0.4413942       1.445558       3.617819    
 -0.4447197       1.445667       3.613449    
 -0.4463707       1.445949       3.607341    
 -0.4463364       1.446400       3.599501    
 -0.4446087       1.447013       3.589940    
 -0.4411815       1.447783       3.578670    
 -0.4360513       1.448705       3.565707    
 -0.4292168       1.449772       3.551066    
 -0.4206792       1.450978       3.534767    
 -0.4104422       1.452316       3.516831    
 -0.3985116       1.453781       3.497281    
 -0.3848960       1.455365       3.476142    
 -0.3696061       1.457062       3.453443    
 -0.3526553       1.458865       3.429211    
 -0.3340591       1.460767       3.403480    
 -0.3138359       1.462762       3.376281    
 -0.2920059       1.464842       3.347651    
 -0.2685921       1.467002       3.317627    
 -0.2436197       1.469233       3.286247    
 -0.2171161       1.471529       3.253552    
 -0.1891114       1.473883       3.219584    
 -0.1596376       1.476289       3.184388    
 -0.1287291       1.478740       3.148008    
 -9.6422538E-02   1.481230       3.110493    
 -6.2756553E-02   1.483752       3.071889    
 -2.7772058E-02   1.486300       3.032248    
  8.4880106E-03   1.488868       2.991620    
  4.5978695E-02   1.491450       2.950058    
  8.4653080E-02   1.494040       2.907614    
  0.1244623       1.496632       2.864346    
  0.1653557       1.499222       2.820306    
  0.2072809       1.501804       2.775553    
  0.2501836       1.504372       2.730145    
  0.2940080       1.506923       2.684138    
  0.3386966       1.509452       2.637593    
  0.3841907       1.511953       2.590569    
  0.4304298       1.514424       2.543126    
  0.4773522       1.516861       2.495327    
  0.5248951       1.519259       2.447231    
  0.5729942       1.521616       2.398900    
  0.6215845       1.523927       2.350397    
  0.6705996       1.526192       2.301783    
  0.7199724       1.528406       2.253121    
  0.7696350       1.530568       2.204472    
  0.8195187       1.532676       2.155900    
  0.8695542       1.534727       2.107466    
  0.9196718       1.536721       2.059231    
  0.9698010       1.538655       2.011258    
   1.019871       1.540529       1.963608    
   1.069812       1.542342       1.916341    
   1.119552       1.544094       1.869518    
   1.169020       1.545783       1.823198    
   1.218146       1.547410       1.777441    
   1.266858       1.548975       1.732304    
   1.315087       1.550479       1.687845    
   1.362761       1.551921       1.644120    
   1.409812       1.553302       1.601185    
   1.456171       1.554624       1.559095    
   1.501768       1.555887       1.517903    
   1.546538       1.557092       1.477662    
   1.590412       1.558241       1.438421    
   1.633325       1.559335       1.400232    
   1.675213       1.560376       1.363143    
   1.716013       1.561365       1.327200    
   1.755662       1.562305       1.292450    
   1.794099       1.563197       1.258936    
   1.831266       1.564043       1.226700    
   1.867104       1.564845       1.195784    
   1.901558       1.565605       1.166227    
   1.934573       1.566326       1.138066    
   1.966097       1.567009       1.111336    
   1.996080       1.567657       1.086073    
   2.024472       1.568271       1.062307    
   2.051229       1.568855       1.040069    
   2.076304       1.569409       1.019386    
   2.099656       1.569937       1.000286    
   2.121245       1.570439      0.9827923    
   2.141034       1.570919      0.9669271    
   2.158988       1.571378      0.9527104    
   2.175074       1.571817      0.9401606    
   2.189263       1.572238      0.9292935    
   2.201526       1.572643      0.9201229    
   2.211839       1.573033      0.9126607    
   2.220180       1.573410      0.9069162    
   2.226529       1.573775      0.9028971    
   2.230871       1.574128      0.9006084    
   2.233190       1.574471      0.9000534    
   2.233477       1.574805      0.9012329    
   2.231723       1.575128      0.9041457    
   2.227922       1.575443      0.9087883    
   2.222073       1.575750      0.9151551    
   2.214175       1.576047      0.9232383    
   2.204233       1.576335      0.9330280    
   2.192252       1.576614      0.9445122    
   2.178242       1.576882      0.9576767    
   2.162216       1.577139      0.9725052    
   2.144187       1.577384      0.9889792    
   2.124175       1.577616       1.007078    
   2.102200       1.577832       1.026780    
   2.078286       1.578032       1.048060    
   2.052459       1.578214       1.070892    
   2.024749       1.578375       1.095247    
   1.995188       1.578513       1.121095    
   1.963810       1.578625       1.148404    
   1.930654       1.578710       1.177139    
   1.895759       1.578763       1.207265    
   1.859169       1.578783       1.238744    
   1.820928       1.578765       1.271536    
   1.781085       1.578707       1.305602    
   1.739690       1.578604       1.340897    
   1.696795       1.578453       1.377379    
   1.652454       1.578251       1.415000    
   1.606726       1.577994       1.453715    
   1.559670       1.577676       1.493474    
   1.511346       1.577295       1.534228    
   1.461818       1.576846       1.575925    
   1.411151       1.576324       1.618513    
   1.359412       1.575725       1.661938    
   1.306670       1.575045       1.706146    
   1.252994       1.574279       1.751081    
   1.198457       1.573423       1.796686    
   1.143131       1.572472       1.842904    
   1.087092       1.571422       1.889676    
   1.030414       1.570268       1.936944    
  0.9731755       1.569006       1.984647    
  0.9154530       1.567631       2.032725    
  0.8573254       1.566139       2.081117    
  0.7988723       1.564526       2.129762    
  0.7401737       1.562788       2.178597    
  0.6813102       1.560920       2.227561    
  0.6223630       1.558920       2.276591    
  0.5634133       1.556782       2.325624    
  0.5045426       1.554504       2.374599    
  0.4458328       1.552083       2.423452    
  0.3873653       1.549514       2.472121    
  0.3292216       1.546796       2.520542    
  0.2714830       1.543925       2.568655    
  0.2142301       1.540900       2.616397    
  0.1575433       1.537717       2.663707    
  0.1015022       1.534376       2.710522    
  4.6185736E-02   1.530873       2.756784    
 -8.3280057E-03   1.527210       2.802431    
 -6.1961953E-02   1.523383       2.847404    
 -0.1146401       1.519393       2.891646    
 -0.1662876       1.515239       2.935097    
 -0.2168310       1.510922       2.977701    
 -0.2661981       1.506441       3.019402    
 -0.3143184       1.501798       3.060144    
 -0.3611229       1.496994       3.099875    
 -0.4065443       1.492030       3.138542    
 -0.4505173       1.486908       3.176093    
 -0.4929784       1.481632       3.212477    
 -0.5338659       1.476203       3.247647    
 -0.5731207       1.470624       3.281554    
 -0.6106855       1.464900       3.314153    
 -0.6465053       1.459035       3.345400    
 -0.6805277       1.453032       3.375251    
 -0.7127025       1.446897       3.403666    
 -0.7429822       1.440635       3.430606    
 -0.7713218       1.434253       3.456032    
 -0.7976789       1.427755       3.479908    
 -0.8220139       1.421148       3.502202    
 -0.8442900       1.414441       3.522881    
 -0.8644732       1.407639       3.541915    
 -0.8825324       1.400751       3.559276    
 -0.8984394       1.393785       3.574937    
 -0.9121690       1.386750       3.588876    
 -0.9236991       1.379653       3.601069    
 -0.9330106       1.372506       3.611498    
 -0.9400874       1.365317       3.620145    
 -0.9449167       1.358096       3.626995    
 -0.9474886       1.350854       3.632034    
 -0.9477966       1.343601       3.635252    
 -0.9458373       1.336348       3.636639    
 -0.9416104       1.329107       3.636191    
 -0.9351188       1.321888       3.633903    
 -0.9263686       1.314703       3.629772    
 -0.9153690       1.307564       3.623801    
 -0.9021326       1.300484       3.615992    
 -0.8866748       1.293475       3.606349    
 -0.8690144       1.286548       3.594882    
 -0.8491732       1.279716       3.581600    
 -0.8271761       1.272993       3.566515    
 -0.8030509       1.266391       3.549641    
 -0.7768287       1.259922       3.530997    
 -0.7485433       1.253600       3.510601    
 -0.7182314       1.247437       3.488474    
 -0.6859329       1.241446       3.464641    
 -0.6516901       1.235639       3.439127    
 -0.6155483       1.230031       3.411962    
 -0.5775554       1.224633       3.383174    
 -0.5377619       1.219457       3.352798    
 -0.4962211       1.214517       3.320867    
 -0.4529884       1.209824       3.287418    
 -0.4081218       1.205390       3.252491    
 -0.3616816       1.201228       3.216126    
 -0.3137304       1.197347       3.178367    
 -0.2643327       1.193761       3.139257    
 -0.2135554       1.190479       3.098843    
 -0.1614671       1.187513       3.057175    
 -0.1081384       1.184872       3.014302    
 -5.3641491E-02   1.182567       2.970277    
  1.9495152E-03   1.180606       2.925152    
  5.8559123E-02   1.178999       2.878983    
  0.1161104       1.177754       2.831827    
  0.1745249       1.176880       2.783741    
  0.2337232       1.176384       2.734787    
  0.2936245       1.176273       2.685024    
  0.3541473       1.176553       2.634514    
  0.4152088       1.177230       2.583321    
  0.4767259       1.178311       2.531510    
  0.5386145       1.179798       2.479145    
  0.6007901       1.181697       2.426294    
  0.6631677       1.184011       2.373023    
  0.7256621       1.186743       2.319401    
  0.7881879       1.189895       2.265496    
  0.8506596       1.193468       2.211377    
  0.9129919       1.197463       2.157115    
  0.9750994       1.201881       2.102780    
   1.036897       1.206720       2.048443    
   1.098301       1.211979       1.994174    
   1.159227       1.217656       1.940045    
   1.219592       1.223748       1.886127    
   1.279313       1.230252       1.832491    
   1.338309       1.237163       1.779209    
   1.396499       1.244476       1.726350    
   1.453804       1.252185       1.673987    
   1.510145       1.260285       1.622189    
   1.565446       1.268767       1.571026    
   1.619632       1.277623       1.520567    
   1.672627       1.286845       1.470881    
   1.724361       1.296424       1.422036    
   1.774763       1.306348       1.374099    
   1.823765       1.316608       1.327136    
   1.871299       1.327192       1.281213    
   1.917301       1.338087       1.236392    
   1.961709       1.349281       1.192738    
   2.004463       1.360760       1.150311    
   2.045505       1.372509       1.109172    
   2.084779       1.384515       1.069380    
   2.122232       1.396762       1.030992    
   2.157815       1.409234      0.9940639    
   2.191478       1.421914      0.9586490    
   2.223177       1.434786      0.9248001    
   2.252870       1.447832      0.8925673    
   2.280516       1.461034      0.8619992    
   2.306080       1.474375      0.8331423    
   2.329526       1.487834      0.8060409    
   2.350825       1.501393      0.7807374    
   2.369948       1.515033      0.7572719    
   2.386869       1.528733      0.7356822    
   2.401568       1.542475      0.7160040    
   2.414026       1.556237      0.6982704    
   2.424226       1.569998      0.6825123    
   2.432156       1.583739      0.6687579    
   2.437806       1.597439      0.6570329    
   2.441171       1.611076      0.6473607    
   2.442247       1.624629      0.6397619    
   2.441034       1.638078      0.6342545    
   2.437534       1.651402      0.6308537    
   2.431755       1.664579      0.6295721    
   2.423706       1.677588      0.6304196    
   2.413399       1.690409      0.6334033    
   2.400849       1.703022      0.6385275    
   2.386076       1.715405      0.6457935    
   2.369101       1.727539      0.6552001    
   2.349949       1.739403      0.6667432    
   2.328647       1.750979      0.6804157    
   2.305227       1.762247      0.6962077    
   2.279721       1.773187      0.7141066    
   2.252166       1.783782      0.7340968    
   2.222601       1.794014      0.7561599    
   2.191067       1.803865      0.7802748    
   2.157610       1.813318      0.8064175    
   2.122277       1.822356      0.8345612    
   2.085116       1.830965      0.8646763    
   2.046180       1.839128      0.8967307    
   2.005524       1.846831      0.9306892    
   1.963204       1.854061      0.9665143    
   1.919279       1.860804       1.004166    
   1.873810       1.867049       1.043601    
   1.826861       1.872782       1.084774    
   1.778496       1.877994       1.127637    
   1.728782       1.882675       1.172139    
   1.677789       1.886816       1.218229    
   1.625586       1.890407       1.265851    
   1.572246       1.893443       1.314948    
   1.517841       1.895916       1.365460    
   1.462448       1.897821       1.417326    
   1.406142       1.899153       1.470482    
   1.349000       1.899909       1.524862    
   1.291101       1.900086       1.580399    
   1.232524       1.899682       1.637023    
   1.173349       1.898697       1.694664    
   1.113657       1.897131       1.753248    
   1.053529       1.894985       1.812702    
  0.9930477       1.892262       1.872950    
  0.9322952       1.888964       1.933915    
  0.8713542       1.885096       1.995519    
  0.8103075       1.880663       2.057681    
  0.7492380       1.875672       2.120322    
  0.6882284       1.870129       2.183360    
  0.6273614       1.864043       2.246713    
  0.5667193       1.857423       2.310298    
  0.5063841       1.850279       2.374031    
  0.4464373       1.842623       2.437828    
  0.3869597       1.834465       2.501604    
  0.3280313       1.825820       2.565275    
  0.2697316       1.816700       2.628756    
  0.2121387       1.807121       2.691961    
  0.1553301       1.797098       2.754806    
  9.9381819E-02   1.786647       2.817205    
  4.4368837E-02   1.775786       2.879074    
 -9.6353143E-03   1.764531       2.940329    
 -6.2558517E-02   1.752903       3.000887    
 -0.1143302       1.740920       3.060664    
 -0.1648813       1.728602       3.119578    
 -0.2141448       1.715969       3.177547    
 -0.2620551       1.703044       3.234492    
 -0.3085487       1.689847       3.290333    
 -0.3535642       1.676402       3.344992    
 -0.3970419       1.662730       3.398392    
 -0.4389244       1.648856       3.450458    
 -0.4791568       1.634803       3.501116    
 -0.5176859       1.620596       3.550294    
 -0.5544614       1.606257       3.597921    
 -0.5894350       1.591813       3.643930    
 -0.6225612       1.577288       3.688253    
 -0.6537966       1.562708       3.730826    
 -0.6831007       1.548097       3.771586    
 -0.7104356       1.533481       3.810474    
 -0.7357661       1.518887       3.847432    
 -0.7590594       1.504338       3.882404    
 -0.7802860       1.489861       3.915338    
 -0.7994186       1.475481       3.946183    
 -0.8164331       1.461223       3.974892    
 -0.8313081       1.447113       4.001420    
 -0.8440253       1.433176       4.025725    
 -0.8545688       1.419436       4.047768    
 -0.8629262       1.405917       4.067512    
 -0.8690876       1.392643       4.084925    
 -0.8730462       1.379639       4.099977    
 -0.8747981       1.366928       4.112639    
 -0.8743422       1.354531       4.122890    
 -0.8716806       1.342472       4.130708    
 -0.8668180       1.330772       4.136075    
 -0.8597624       1.319451       4.138979    
 -0.8505243       1.308531       4.139408    
 -0.8391173       1.298031       4.137354    
 -0.8255579       1.287971       4.132814    
 -0.8098652       1.278367       4.125787    
 -0.7920613       1.269238       4.116276    
 -0.7721709       1.260600       4.104288    
 -0.7502216       1.252470       4.089830    
 -0.7262436       1.244861       4.072918    
 -0.7002698       1.237788       4.053566    
 -0.6723355       1.231264       4.031796    
 -0.6424788       1.225301       4.007629    
 -0.6107402       1.219909       3.981093    
 -0.5771626       1.215100       3.952217    
 -0.5417913       1.210881       3.921035    
 -0.5046738       1.207261       3.887582    
 -0.4658600       1.204246       3.851898    
 -0.4254020       1.201843       3.814026    
 -0.3833539       1.200056       3.774013    
 -0.3397718       1.198887       3.731905    
 -0.2947139       1.198341       3.687757    
 -0.2482403       1.198418       3.641622    
 -0.2004127       1.199118       3.593559    
 -0.1512946       1.200439       3.543627    
 -0.1009513       1.202381       3.491890    
 -4.9449340E-02   1.204940       3.438414    
  3.1429976E-03   1.208110       3.383268    
  5.6756213E-02   1.211888       3.326522    
  0.1113195       1.216265       3.268249    
  0.1667609       1.221235       3.208526    
  0.2230072       1.226787       3.147430    
  0.2799845       1.232913       3.085041    
  0.3376177       1.239602       3.021441    
  0.3958311       1.246840       2.956713    
  0.4545482       1.254616       2.890943    
  0.5136919       1.262914       2.824218    
  0.5731847       1.271721       2.756627    
  0.6329485       1.281018       2.688260    
  0.6929052       1.290791       2.619207    
  0.7529761       1.301021       2.549562    
  0.8130828       1.311688       2.479418    
  0.8731467       1.322774       2.408870    
  0.9330891       1.334258       2.338011    
  0.9928319       1.346119       2.266939    
   1.052297       1.358334       2.195750    
   1.111407       1.370882       2.124539    
   1.170085       1.383739       2.053405    
   1.228253       1.396881       1.982444    
   1.285838       1.410284       1.911753    
   1.342762       1.423923       1.841428    
   1.398953       1.437772       1.771567    
   1.454337       1.451805       1.702265    
   1.508841       1.465997       1.633618    
   1.562395       1.480320       1.565720    
   1.614930       1.494748       1.498665    
   1.666377       1.509254       1.432547    
   1.716668       1.523810       1.367457    
   1.765738       1.538388       1.303484    
   1.813524       1.552962       1.240720    
   1.859964       1.567504       1.179250    
   1.904996       1.581986       1.119162    
   1.948562       1.596381       1.060538    
   1.990605       1.610660       1.003463    
   2.031070       1.624798      0.9480147    
   2.069905       1.638766      0.8942728    
   2.107058       1.652539      0.8423128    
   2.142482       1.666089      0.7922084    
   2.176129       1.679391      0.7440306    
   2.207955       1.692418      0.6978480    
   2.237920       1.705146      0.6537266    
   2.265982       1.717550      0.6117294    
   2.292105       1.729605      0.5719167    
   2.316255       1.741288      0.5343459    
   2.338400       1.752576      0.4990712    
   2.358509       1.763446      0.4661437    
   2.376556       1.773877      0.4356116    
   2.392516       1.783849      0.4075194    
   2.406368       1.793340      0.3819086    
   2.418093       1.802332      0.3588170    
   2.427674       1.810807      0.3382793    
   2.435098       1.818746      0.3203264    
   2.440353       1.826134      0.3049856    
   2.443432       1.832955      0.2922809    
   2.444328       1.839195      0.2822323    
   2.443039       1.844839      0.2748564    
   2.439566       1.849875      0.2701658    
   2.433910       1.854293      0.2681696    
   2.426077       1.858081      0.2688731    
   2.416076       1.861231      0.2722778    
   2.403918       1.863734      0.2783813    
   2.389616       1.865583      0.2871776    
   2.373187       1.866774      0.2986569    
   2.354649       1.867300      0.3128055    
   2.334024       1.867159      0.3296061    
   2.311338       1.866349      0.3490376    
   2.286616       1.864868      0.3710752    
   2.259888       1.862717      0.3956904    
   2.231186       1.859897      0.4228512    
   2.200545       1.856410      0.4525217    
   2.168001       1.852261      0.4846627    
   2.133595       1.847454      0.5192314    
   2.097368       1.841996      0.5561816    
   2.059363       1.835893      0.5954636    
   2.019627       1.829154      0.6370245    
   1.978209       1.821789      0.6808082    
   1.935159       1.813809      0.7267554    
   1.890530       1.805224      0.7748035    
   1.844376       1.796049      0.8248870    
   1.796755       1.786296      0.8769378    
   1.747724       1.775982      0.9308845    
   1.697344       1.765121      0.9866533    
   1.645677       1.753732       1.044168    
   1.592787       1.741831       1.103348    
   1.538739       1.729437       1.164114    
   1.483600       1.716571       1.226382    
   1.427438       1.703253       1.290064    
   1.370322       1.689503       1.355074    
   1.312323       1.675346       1.421322    
   1.253514       1.660802       1.488716    
   1.193967       1.645896       1.557162    
   1.133756       1.630652       1.626565    
   1.072957       1.615094       1.696830    
   1.011644       1.599249       1.767859    
  0.9498946       1.583142       1.839553    
  0.8877856       1.566799       1.911812    
  0.8253946       1.550247       1.984535    
  0.7627996       1.533514       2.057622    
  0.7000790       1.516626       2.130971    
  0.6373113       1.499612       2.204479    
  0.5745754       1.482500       2.278044    
  0.5119501       1.465317       2.351562    
  0.4495140       1.448092       2.424932    
  0.3873459       1.430854       2.498051    
  0.3255242       1.413630       2.570817    
  0.2641267       1.396450       2.643127    
  0.2032313       1.379341       2.714882    
  0.1429150       1.362332       2.785979    
  8.3254300E-02   1.345450       2.856320    
  2.4324898E-02   1.328724       2.925807    
 -3.3798221E-02   1.312181       2.994341    
 -9.1041014E-02   1.295848       3.061827    
 -0.1473304       1.279752       3.128171    
 -0.2025945       1.263919       3.193279    
 -0.2567624       1.248376       3.257059    
 -0.3097646       1.233148       3.319423    
 -0.3615329       1.218260       3.380283    
 -0.4120006       1.203735       3.439554    
 -0.4611025       1.189599       3.497152    
 -0.5087750       1.175873       3.552996    
 -0.5549561       1.162580       3.607009    
 -0.5995856       1.149741       3.659113    
 -0.6426052       1.137378       3.709237    
 -0.6839586       1.125510       3.757309    
 -0.7235912       1.114156       3.803263    
 -0.7614507       1.103334       3.847033    
 -0.7974868       1.093062       3.888558    
 -0.8316516       1.083356       3.927779    
 -0.8638991       1.074231       3.964643    
 -0.8941858       1.065701       3.999096    
 -0.9224708       1.057780       4.031090    
 -0.9487153       1.050480       4.060581    
 -0.9728831       1.043812       4.087526    
 -0.9949405       1.037786       4.111889    
  -1.014856       1.032411       4.133635    
  -1.032602       1.027695       4.152732    
  -1.048153       1.023645       4.169156    
  -1.061484       1.020267       4.182881    
  -1.072576       1.017564       4.193890    
  -1.081411       1.015540       4.202167    
  -1.087975       1.014198       4.207699    
  -1.092255       1.013538       4.210480    
  -1.094241       1.013560       4.210505    
  -1.093929       1.014264       4.207775    
  -1.091314       1.015646       4.202293    
  -1.086395       1.017702       4.194067    
  -1.079175       1.020430       4.183108    
  -1.069660       1.023822       4.169432    
  -1.057857       1.027872       4.153059    
  -1.043777       1.032572       4.134010    
  -1.027434       1.037913       4.112313    
  -1.008845       1.043885       4.087999    
 -0.9880297       1.050476       4.061101    
 -0.9650097       1.057676       4.031658    
 -0.9398108       1.065470       3.999710    
 -0.9124607       1.073845       3.965303    
 -0.8829904       1.082786       3.928484    
 -0.8514332       1.092277       3.889306    
 -0.8178255       1.102302       3.847823    
 -0.7822060       1.112843       3.804093    
 -0.7446163       1.123882       3.758178    
 -0.7051002       1.135399       3.710141    
 -0.6637045       1.147376       3.660051    
 -0.6204782       1.159791       3.607978    
 -0.5754725       1.172624       3.553993    
 -0.5287415       1.185853       3.498173    
 -0.4803410       1.199455       3.440596    
 -0.4303296       1.213409       3.381343    
 -0.3787675       1.227690       3.320495    
 -0.3257174       1.242275       3.258139    
 -0.2712439       1.257141       3.194360    
 -0.2154135       1.272262       3.129250    
 -0.1582945       1.287613       3.062897    
 -9.9957228E-02   1.303171       2.995395    
 -4.0473435E-02   1.318910       2.926837    
  2.0083372E-02   1.334803       2.857321    
  8.1638187E-02   1.350827       2.786941    
  0.1441146       1.366955       2.715797    
  0.2074348       1.383162       2.643987    
  0.2715198       1.399422       2.571611    
  0.3362895       1.415710       2.498770    
  0.4016626       1.432000       2.425566    
  0.4675570       1.448267       2.352099    
  0.5338896       1.464486       2.278473    
  0.6005767       1.480631       2.204788    
  0.6675339       1.496680       2.131148    
  0.7346764       1.512607       2.057655    
  0.8019187       1.528388       1.984410    
  0.8691753       1.543999       1.911515    
  0.9363601       1.559419       1.839070    
   1.003387       1.574624       1.767176    
   1.070171       1.589592       1.695933    
   1.136625       1.604302       1.625439    
   1.202664       1.618733       1.555791    
   1.268203       1.632864       1.487085    
   1.333156       1.646676       1.419416    
   1.397440       1.660149       1.352877    
   1.460971       1.673267       1.287561    
   1.523667       1.686010       1.223556    
   1.585444       1.698363       1.160951    
   1.646223       1.710309       1.099831    
   1.705923       1.721833       1.040281    
   1.764466       1.732921      0.9823831    
   1.821774       1.743559      0.9262154    
   1.877772       1.753736      0.8718553    
   1.932386       1.763438      0.8193771    
   1.985542       1.772656      0.7688525    
   2.037170       1.781379      0.7203504    
   2.087200       1.789599      0.6739370    
   2.135565       1.797307      0.6296754    
   2.182200       1.804497      0.5876257    
   2.227041       1.811162      0.5478451    
   2.270028       1.817297      0.5103875    
   2.311102       1.822898      0.4753035    
   2.350207       1.827961      0.4426405    
   2.387288       1.832485      0.4124425    
   2.422295       1.836468      0.3847501    
   2.455178       1.839909      0.3596004    
   2.485891       1.842810      0.3370271    
   2.514391       1.845171      0.3170601    
   2.540637       1.846995      0.2997259    
   2.564591       1.848286      0.2850474    
   2.586218       1.849046      0.2730436    
   2.605487       1.849283      0.2637301    
   2.622369       1.849000      0.2571186    
   2.636837       1.848206      0.2532173    
   2.648870       1.846908      0.2520306    
   2.658447       1.845114      0.2535590    
   2.665551       1.842834      0.2577997    
   2.670171       1.840076      0.2647457    
   2.672295       1.836853      0.2743868    
   2.671917       1.833175      0.2867089    
   2.669034       1.829055      0.3016942    
   2.663645       1.824505      0.3193215    
   2.655754       1.819539      0.3395658    
   2.645368       1.814170      0.3623988    
   2.632495       1.808413      0.3877885    
   2.617149       1.802283      0.4156995    
   2.599346       1.795796      0.4460933    
   2.579107       1.788967      0.4789276    
   2.556454       1.781813      0.5141572    
   2.531413       1.774351      0.5517335    
   2.504013       1.766598      0.5916049    
   2.474288       1.758571      0.6337166    
   2.442272       1.750288      0.6780111    
   2.408005       1.741768      0.7244277    
   2.371530       1.733029      0.7729031    
   2.332890       1.724088      0.8233712    
   2.292133       1.714964      0.8757632    
   2.249312       1.705677      0.9300081    
   2.204478       1.696245      0.9860320    
   2.157690       1.686687       1.043759    
   2.109005       1.677021       1.103111    
   2.058487       1.667266       1.164008    
   2.006200       1.657442       1.226368    
   1.952210       1.647566       1.290106    
   1.896587       1.637657       1.355136    
   1.839403       1.627734       1.421372    
   1.780732       1.617813       1.488723    
   1.720649       1.607914       1.557100    
   1.659235       1.598054       1.626411    
   1.596567       1.588250       1.696563    
   1.532729       1.578519       1.767462    
   1.467804       1.568877       1.839014    
   1.401877       1.559341       1.911123    
   1.335037       1.549927       1.983692    
   1.267370       1.540649       2.056626    
   1.198966       1.531523       2.129827    
   1.129917       1.522564       2.203198    
   1.060314       1.513785       2.276641    
  0.9902494       1.505199       2.350060    
  0.9198178       1.496819       2.423357    
  0.8491130       1.488658       2.496435    
  0.7782300       1.480728       2.569198    
  0.7072640       1.473039       2.641550    
  0.6363106       1.465601       2.713395    
  0.5654657       1.458426       2.784640    
  0.4948249       1.451521       2.855190    
  0.4244842       1.444896       2.924953    
  0.3545389       1.438558       2.993837    
  0.2850843       1.432515       3.061753    
  0.2162150       1.426773       3.128612    
  0.1480252       1.421339       3.194326    
  8.0608211E-02   1.416216       3.258810    
  1.4056467E-02   1.411412       3.321981    
 -5.1538520E-02   1.406927       3.383755    
 -0.1160864       1.402768       3.444054    
 -0.1794980       1.398934       3.502799    
 -0.2416857       1.395429       3.559915    
 -0.3025633       1.392255       3.615327    
 -0.3620460       1.389410       3.668964    
 -0.4200510       1.386896       3.720758    
 -0.4764974       1.384711       3.770642    
 -0.5313061       1.382854       3.818553    
 -0.5844002       1.381323       3.864429    
 -0.6357050       1.380116       3.908212    
 -0.6851479       1.379229       3.949847    
 -0.7326591       1.378659       3.989280    
 -0.7781710       1.378401       4.026464    
 -0.8216187       1.378450       4.061349    
 -0.8629401       1.378801       4.093894    
 -0.9020758       1.379449       4.124058    
 -0.9389694       1.380385       4.151803    
 -0.9735672       1.381604       4.177094    
  -1.005819       1.383099       4.199903    
  -1.035677       1.384861       4.220200    
  -1.063098       1.386883       4.237961    
  -1.088041       1.389155       4.253166    
  -1.110468       1.391669       4.265797    
  -1.130344       1.394416       4.275840    
  -1.147641       1.397386       4.283283    
  -1.162329       1.400569       4.288120    
  -1.174387       1.403954       4.290347    
  -1.183793       1.407533       4.289962    
  -1.190532       1.411293       4.286968    
  -1.194590       1.415225       4.281372    
  -1.195959       1.419317       4.273183    
  -1.194633       1.423558       4.262414    
  -1.190611       1.427937       4.249080    
  -1.183895       1.432442       4.233202    
  -1.174490       1.437063       4.214802    
  -1.162407       1.441788       4.193905    
  -1.147658       1.446605       4.170542    
  -1.130261       1.451504       4.144743    
  -1.110235       1.456471       4.116546    
  -1.087606       1.461498       4.085987    
  -1.062402       1.466571       4.053108    
  -1.034654       1.471680       4.017953    
  -1.004397       1.476815       3.980571    
 -0.9716706       1.481963       3.941010    
 -0.9365163       1.487114       3.899323    
 -0.8989800       1.492259       3.855566    
 -0.8591108       1.497386       3.809796    
 -0.8169609       1.502485       3.762075    
 -0.7725861       1.507547       3.712464    
 -0.7260451       1.512562       3.661029    
 -0.6773998       1.517520       3.607838    
 -0.6267151       1.522413       3.552960    
 -0.5740589       1.527232       3.496467    
 -0.5195017       1.531968       3.438432    
 -0.4631172       1.536614       3.378931    
 -0.4049813       1.541161       3.318042    
 -0.3451726       1.545602       3.255842    
 -0.2837723       1.549930       3.192414    
 -0.2208638       1.554138       3.127838    
 -0.1565327       1.558221       3.062199    
 -9.0866663E-02   1.562172       2.995580    
 -2.3955509E-02   1.565985       2.928068    
  4.4109225E-02   1.569656       2.859749    
  0.1132342       1.573180       2.790712    
  0.1833246       1.576552       2.721044    
  0.2542839       1.579768       2.650835    
  0.3260144       1.582826       2.580175    
  0.3984172       1.585721       2.509153    
  0.4713922       1.588451       2.437861    
  0.5448386       1.591014       2.366390    
  0.6186545       1.593407       2.294830    
  0.6927377       1.595630       2.223272    
  0.7669852       1.597680       2.151807    
  0.8412938       1.599557       2.080527    
  0.9155601       1.601261       2.009520    
  0.9896804       1.602792       1.938877    
   1.063551       1.604149       1.868688    
   1.137070       1.605334       1.799041    
   1.210133       1.606346       1.730023    
   1.282638       1.607189       1.661722    
   1.354484       1.607863       1.594224    
   1.425570       1.608369       1.527613    
   1.495795       1.608711       1.461973    
   1.565061       1.608891       1.397386    
   1.633271       1.608911       1.333933    
   1.700327       1.608774       1.271695    
   1.766136       1.608484       1.210747    
   1.830604       1.608043       1.151166    
   1.893640       1.607457       1.093028    
   1.955155       1.606727       1.036403    
   2.015061       1.605859      0.9813617    
   2.073272       1.604856      0.9279734    
   2.129707       1.603723      0.8763037    
   2.184285       1.602463      0.8264164    
   2.236927       1.601083      0.7783733    
   2.287558       1.599585      0.7322335    
   2.336105       1.597976      0.6880537    
   2.382499       1.596259      0.6458882    
   2.426674       1.594439      0.6057887    
   2.468564       1.592522      0.5678042    
   2.508110       1.590512      0.5319808    
   2.545254       1.588414      0.4983623    
   2.579942       1.586232      0.4669892    
   2.612124       1.583972      0.4378996    
   2.641752       1.581638      0.4111282    
   2.668782       1.579236      0.3867072    
   2.693175       1.576769      0.3646657    
   2.714894       1.574242      0.3450295    
   2.733906       1.571660      0.3278216    
   2.750182       1.569026      0.3130621    
   2.763697       1.566347      0.3007676    
   2.774431       1.563624      0.2909520    
   2.782364       1.560863      0.2836257    
   2.787485       1.558067      0.2787961    
   2.789784       1.555240      0.2764677    
   2.789254       1.552385      0.2766415    
   2.785894       1.549507      0.2793155    
   2.779707       1.546607      0.2844846    
   2.770699       1.543689      0.2921405    
   2.758880       1.540755      0.3022718    
   2.744264       1.537809      0.3148640    
   2.726870       1.534853      0.3298995    
   2.706719       1.531889      0.3473577    
   2.683837       1.528918      0.3672149    
   2.658254       1.525944      0.3894444    
   2.630003       1.522967      0.4140166    
   2.599122       1.519988      0.4408988    
   2.565652       1.517010      0.4700556    
   2.529637       1.514033      0.5014487    
   2.491126       1.511058      0.5350369    
   2.450169       1.508086      0.5707765    
   2.406823       1.505116      0.6086208    
   2.361146       1.502150      0.6485206    
   2.313200       1.499187      0.6904244    
   2.263049       1.496228      0.7342777    
   2.210763       1.493271      0.7800239    
   2.156410       1.490318      0.8276039    
   2.100068       1.487366      0.8769565    
   2.041811       1.484416      0.9280181    
   1.981719       1.481467      0.9807229    
   1.919875       1.478517       1.035003    
   1.856363       1.475566       1.090789    
   1.791270       1.472612       1.148010    
   1.724685       1.469655       1.206591    
   1.656700       1.466693       1.266458    
   1.587408       1.463724       1.327534    
   1.516904       1.460748       1.389740    
   1.445285       1.457762       1.452998    
   1.372650       1.454766       1.517226    
   1.299097       1.451757       1.582342    
   1.224729       1.448735       1.648263    
   1.149647       1.445697       1.714904    
   1.073956       1.442643       1.782180    
  0.9977582       1.439570       1.850006    
  0.9211596       1.436477       1.918294    
  0.8442653       1.433364       1.986957    
  0.7671813       1.430228       2.055907    
  0.6900136       1.427070       2.125056    
  0.6128685       1.423886       2.194316    
  0.5358523       1.420677       2.263598    
  0.4590707       1.417442       2.332814    
  0.3826297       1.414181       2.401874    
  0.3066343       1.410891       2.470691    
  0.2311892       1.407574       2.539176    
  0.1563982       1.404229       2.607242    
  8.2364038E-02   1.400856       2.674801    
  9.1886073E-03   1.397454       2.741767    
 -6.3027523E-02   1.394026       2.808054    
 -0.1341851       1.390570       2.873578    
 -0.2041864       1.387088       2.938253    
 -0.2729354       1.383581       3.001997    
 -0.3403376       1.380051       3.064727    
 -0.4063006       1.376498       3.126364    
 -0.4707341       1.372924       3.186829    
 -0.5335496       1.369331       3.246042    
 -0.5946613       1.365723       3.303928    
 -0.6539855       1.362100       3.360413    
 -0.7114411       1.358466       3.415423    
 -0.7669497       1.354824       3.468887    
 -0.8204355       1.351177       3.520736    
 -0.8718256       1.347528       3.570904    
 -0.9210501       1.343883       3.619324    
 -0.9680420       1.340243       3.665935    
  -1.012738       1.336615       3.710675    
  -1.055076       1.333001       3.753487    
  -1.095001       1.329408       3.794314    
  -1.132457       1.325841       3.833104    
  -1.167394       1.322304       3.869806    
  -1.199766       1.318802       3.904371    
  -1.229529       1.315343       3.936754    
  -1.256644       1.311931       3.966912    
  -1.281073       1.308574       3.994807    
  -1.302786       1.305277       4.020400    
  -1.321753       1.302046       4.043657    
  -1.337949       1.298890       4.064548    
  -1.351355       1.295813       4.083044    
  -1.361952       1.292825       4.099120    
  -1.369727       1.289930       4.112755    
  -1.374673       1.287138       4.123929    
  -1.376782       1.284455       4.132627    
  -1.376054       1.281889       4.138836    
  -1.372491       1.279447       4.142548    
  -1.366100       1.277138       4.143754    
  -1.356892       1.274968       4.142454    
  -1.344879       1.272945       4.138647    
  -1.330081       1.271077       4.132336    
  -1.312518       1.269372       4.123528    
  -1.292218       1.267836       4.112233    
  -1.269209       1.266479       4.098465    
  -1.243524       1.265307       4.082239    
  -1.215201       1.264327       4.063576    
  -1.184279       1.263547       4.042497    
  -1.150802       1.262974       4.019030    
  -1.114817       1.262615       3.993202    
  -1.076376       1.262477       3.965046    
  -1.035533       1.262566       3.934597    
 -0.9923440       1.262890       3.901893    
 -0.9468702       1.263452       3.866975    
 -0.8991750       1.264261       3.829887    
 -0.8493250       1.265321       3.790677    
 -0.7973894       1.266638       3.749393    
 -0.7434403       1.268217       3.706089    
 -0.6875526       1.270062       3.660819    
 -0.6298037       1.272178       3.613641    
 -0.5702732       1.274569       3.564615    
 -0.5090433       1.277238       3.513805    
 -0.4461985       1.280189       3.461275    
 -0.3818251       1.283424       3.407093    
 -0.3160117       1.286945       3.351329    
 -0.2488483       1.290755       3.294054    
 -0.1804272       1.294855       3.235343    
 -0.1108417       1.299246       3.175272    
 -4.0187038E-02   1.303928       3.113918    
  3.1440526E-02   1.308902       3.051361    
  0.1039434       1.314166       2.987683    
  0.1772231       1.319720       2.922966    
  0.2511800       1.325562       2.857294    
  0.3257139       1.331690       2.790755    
  0.4007238       1.338101       2.723433    
  0.4761085       1.344793       2.655419    
  0.5517662       1.351760       2.586800    
  0.6275948       1.359000       2.517668    
  0.7034924       1.366507       2.448113    
  0.7793571       1.374276       2.378226    
  0.8550871       1.382300       2.308101    
  0.9305811       1.390574       2.237829    
   1.005738       1.399090       2.167504    
   1.080458       1.407840       2.097219    
   1.154642       1.416817       2.027067    
   1.228190       1.426012       1.957142    
   1.301005       1.435415       1.887536    
   1.372992       1.445017       1.818344    
   1.444054       1.454807       1.749657    
   1.514099       1.464774       1.681567    
   1.583034       1.474909       1.614166    
   1.650769       1.485198       1.547544    
   1.717215       1.495629       1.481791    
   1.782285       1.506191       1.416996    
   1.845896       1.516869       1.353247    
   1.907964       1.527651       1.290629    
   1.968409       1.538522       1.229228    
   2.027153       1.549469       1.169127    
   2.084121       1.560477       1.110409    
   2.139240       1.571531       1.053154    
   2.192440       1.582616      0.9974394    
   2.243653       1.593717      0.9433430    
   2.292814       1.604817      0.8909389    
   2.339863       1.615901      0.8402998    
   2.384739       1.626953      0.7914957    
   2.427388       1.637956      0.7445948    
   2.467756       1.648895      0.6996623    
   2.505794       1.659752      0.6567615    
   2.541456       1.670510      0.6159528    
   2.574700       1.681154      0.5772938    
   2.605485       1.691667      0.5408397    
   2.633776       1.702032      0.5066425    
   2.659540       1.712232      0.4747514    
   2.682748       1.722250      0.4452129    
   2.703373       1.732070      0.4180700    
   2.721395       1.741677      0.3933628    
   2.736794       1.751053      0.3711282    
   2.749555       1.760182      0.3514000    
   2.759667       1.769050      0.3342084    
   2.767122       1.777639      0.3195806    
   2.771915       1.785936      0.3075401    
   2.774047       1.793925      0.2981074    
   2.773519       1.801591      0.2912990    
   2.770339       1.808921      0.2871284    
   2.764516       1.815900      0.2856053    
   2.756064       1.822516      0.2867360    
   2.744999       1.828756      0.2905233    
   2.731344       1.834606      0.2969663    
   2.715120       1.840056      0.3060606    
