  0.7500000       1.500000       2.250000    
  0.7501562       1.500000       2.250000    
  0.7506236       1.500000       2.250000    
  0.7513979       1.500000       2.250000    
  0.7524730       1.500002       2.250000    
  0.7538406       1.500004       2.250000    
  0.7554904       1.500009       2.250000    
  0.7574102       1.500018       2.250000    
  0.7595857       1.500031       2.250000    
  0.7620010       1.500050       2.250000    
  0.7646384       1.500076       2.250000    
  0.7674786       1.500111       2.250000    
  0.7705008       1.500157       2.250000    
  0.7736830       1.500216       2.250000    
  0.7770016       1.500289       2.250001    
  0.7804322       1.500379       2.250001    
  0.7839495       1.500487       2.250002    
  0.7875271       1.500616       2.250003    
  0.7911383       1.500768       2.250005    
  0.7947556       1.500944       2.250007    
  0.7983515       1.501147       2.250009    
  0.8018981       1.501379       2.250013    
  0.8053676       1.501641       2.250017    
  0.8087326       1.501937       2.250022    
  0.8119656       1.502266       2.250028    
  0.8150401       1.502632       2.250036    
  0.8179299       1.503034       2.250045    
  0.8206099       1.503476       2.250056    
  0.8230559       1.503958       2.250069    
  0.8252450       1.504480       2.250084    
  0.8271552       1.505044       2.250103    
  0.8287665       1.505649       2.250124    
  0.8300598       1.506297       2.250149    
  0.8310183       1.506988       2.250177    
  0.8316265       1.507720       2.250209    
  0.8318712       1.508495       2.250247    
  0.8317409       1.509310       2.250288    
  0.8312261       1.510164       2.250336    
  0.8303196       1.511057       2.250389    
  0.8290165       1.511987       2.250449    
  0.8273138       1.512951       2.250516    
  0.8252110       1.513948       2.250590    
  0.8227098       1.514975       2.250672    
  0.8198140       1.516029       2.250763    
  0.8165300       1.517107       2.250863    
  0.8128662       1.518206       2.250973    
  0.8088334       1.519323       2.251092    
  0.8044443       1.520452       2.251222    
  0.7997140       1.521591       2.251364    
  0.7946596       1.522735       2.251517    
  0.7892998       1.523879       2.251683    
  0.7836557       1.525020       2.251862    
  0.7777498       1.526151       2.252053    
  0.7716063       1.527268       2.252259    
  0.7652511       1.528366       2.252479    
  0.7587112       1.529440       2.252713    
  0.7520151       1.530484       2.252962    
  0.7451923       1.531493       2.253227    
  0.7382732       1.532461       2.253508    
  0.7312890       1.533384       2.253804    
  0.7242716       1.534256       2.254117    
  0.7172532       1.535072       2.254445    
  0.7102664       1.535826       2.254791    
  0.7033439       1.536513       2.255152    
  0.6965181       1.537129       2.255530    
  0.6898215       1.537669       2.255924    
  0.6832860       1.538127       2.256335    
  0.6769428       1.538500       2.256761    
  0.6708224       1.538783       2.257203    
  0.6649544       1.538973       2.257661    
  0.6593673       1.539065       2.258133    
  0.6540883       1.539058       2.258619    
  0.6491433       1.538946       2.259119    
  0.6445564       1.538729       2.259632    
  0.6403503       1.538403       2.260157    
  0.6365458       1.537967       2.260694    
  0.6331617       1.537419       2.261240    
  0.6302149       1.536758       2.261797    
  0.6277199       1.535984       2.262361    
  0.6256895       1.535096       2.262933    
  0.6241337       1.534094       2.263510    
  0.6230605       1.532980       2.264091    
  0.6224753       1.531753       2.264676    
  0.6223812       1.530416       2.265263    
  0.6227790       1.528971       2.265849    
  0.6236667       1.527420       2.266433    
  0.6250402       1.525766       2.267015    
  0.6268929       1.524012       2.267591    
  0.6292156       1.522162       2.268160    
  0.6319970       1.520220       2.268720    
  0.6352236       1.518190       2.269270    
  0.6388792       1.516078       2.269806    
  0.6429461       1.513889       2.270329    
  0.6474041       1.511629       2.270834    
  0.6522313       1.509302       2.271320    
  0.6574039       1.506916       2.271786    
  0.6628963       1.504477       2.272229    
  0.6686817       1.501992       2.272646    
  0.6747314       1.499467       2.273037    
  0.6810159       1.496911       2.273399    
  0.6875043       1.494329       2.273729    
  0.6941648       1.491731       2.274027    
  0.7009649       1.489123       2.274289    
  0.7078715       1.486513       2.274513    
  0.7148510       1.483909       2.274699    
  0.7218696       1.481319       2.274844    
  0.7288935       1.478750       2.274946    
  0.7358887       1.476210       2.275004    
  0.7428219       1.473706       2.275015    
  0.7496601       1.471247       2.274979    
  0.7563709       1.468839       2.274893    
  0.7629226       1.466489       2.274757    
  0.7692848       1.464205       2.274569    
  0.7754279       1.461993       2.274328    
  0.7813237       1.459860       2.274033    
  0.7869456       1.457811       2.273682    
  0.7922684       1.455854       2.273276    
  0.7972686       1.453992       2.272812    
  0.8019246       1.452232       2.272292    
  0.8062167       1.450578       2.271714    
  0.8101273       1.449035       2.271077    
  0.8136407       1.447606       2.270383    
  0.8167437       1.446296       2.269630    
  0.8194252       1.445106       2.268819    
  0.8216764       1.444041       2.267950    
  0.8234909       1.443102       2.267024    
  0.8248647       1.442290       2.266041    
  0.8257961       1.441607       2.265002    
  0.8262860       1.441055       2.263907    
  0.8263373       1.440632       2.262758    
  0.8259557       1.440340       2.261556    
  0.8251490       1.440177       2.260303    
  0.8239271       1.440142       2.258999    
  0.8223023       1.440234       2.257646    
  0.8202891       1.440450       2.256246    
  0.8179037       1.440790       2.254801    
  0.8151645       1.441248       2.253314    
  0.8120917       1.441823       2.251785    
  0.8087071       1.442511       2.250217    
  0.8050342       1.443308       2.248614    
  0.8010977       1.444209       2.246977    
  0.7969239       1.445210       2.245308    
  0.7925400       1.446305       2.243611    
  0.7879744       1.447491       2.241889    
  0.7832560       1.448761       2.240144    
  0.7784146       1.450110       2.238379    
  0.7734805       1.451531       2.236598    
  0.7684841       1.453020       2.234803    
  0.7634562       1.454569       2.232997    
  0.7584272       1.456173       2.231185    
  0.7534277       1.457825       2.229368    
  0.7484877       1.459520       2.227551    
  0.7436365       1.461249       2.225737    
  0.7389030       1.463009       2.223929    
  0.7343150       1.464791       2.222130    
  0.7298994       1.466590       2.220345    
  0.7256818       1.468399       2.218575    
  0.7216864       1.470214       2.216825    
  0.7179362       1.472027       2.215097    
  0.7144524       1.473833       2.213396    
  0.7112545       1.475626       2.211724    
  0.7083602       1.477402       2.210085    
  0.7057854       1.479155       2.208482    
  0.7035439       1.480881       2.206917    
  0.7016474       1.482574       2.205395    
  0.7001055       1.484231       2.203917    
  0.6989258       1.485848       2.202487    
  0.6981133       1.487421       2.201108    
  0.6976711       1.488946       2.199782    
  0.6975999       1.490421       2.198512    
  0.6978982       1.491843       2.197300    
  0.6985621       1.493209       2.196149    
  0.6995858       1.494519       2.195061    
  0.7009611       1.495769       2.194039    
  0.7026776       1.496958       2.193084    
  0.7047231       1.498087       2.192198    
  0.7070833       1.499153       2.191383    
  0.7097420       1.500156       2.190641    
  0.7126811       1.501097       2.189973    
  0.7158811       1.501976       2.189381    
  0.7193207       1.502793       2.188866    
  0.7229773       1.503549       2.188429    
  0.7268268       1.504246       2.188072    
  0.7308441       1.504883       2.187794    
  0.7350032       1.505464       2.187598    
  0.7392769       1.505989       2.187482    
  0.7436376       1.506461       2.187449    
  0.7480570       1.506882       2.187498    
  0.7525066       1.507254       2.187630    
  0.7569575       1.507580       2.187844    
  0.7613810       1.507861       2.188141    
  0.7657482       1.508101       2.188519    
  0.7700309       1.508302       2.188980    
  0.7742010       1.508468       2.189522    
  0.7782314       1.508600       2.190145    
  0.7820956       1.508701       2.190849    
  0.7857680       1.508775       2.191632    
  0.7892243       1.508824       2.192493    
  0.7924412       1.508850       2.193431    
  0.7953971       1.508856       2.194446    
  0.7980716       1.508845       2.195536    
  0.8004460       1.508819       2.196700    
  0.8025036       1.508780       2.197936    
  0.8042293       1.508731       2.199242    
  0.8056099       1.508673       2.200617    
  0.8066345       1.508608       2.202060    
  0.8072940       1.508537       2.203567    
  0.8075814       1.508463       2.205138    
  0.8074923       1.508386       2.206771    
  0.8070239       1.508308       2.208463    
  0.8061763       1.508229       2.210212    
  0.8049513       1.508150       2.212016    
  0.8033531       1.508071       2.213872    
  0.8013883       1.507993       2.215779    
  0.7990653       1.507916       2.217733    
  0.7963949       1.507840       2.219733    
  0.7933900       1.507764       2.221776    
  0.7900653       1.507688       2.223858    
  0.7864376       1.507610       2.225979    
  0.7825253       1.507532       2.228134    
  0.7783489       1.507450       2.230321    
  0.7739301       1.507365       2.232537    
  0.7692923       1.507274       2.234780    
  0.7644603       1.507177       2.237046    
  0.7594601       1.507072       2.239333    
  0.7543187       1.506958       2.241638    
  0.7490640       1.506832       2.243957    
  0.7437247       1.506693       2.246289    
  0.7383302       1.506540       2.248629    
  0.7329103       1.506370       2.250975    
  0.7274950       1.506183       2.253324    
  0.7221144       1.505975       2.255672    
  0.7167985       1.505746       2.258017    
  0.7115773       1.505495       2.260356    
  0.7064800       1.505219       2.262685    
  0.7015356       1.504917       2.265002    
  0.6967721       1.504588       2.267303    
  0.6922167       1.504230       2.269585    
  0.6878955       1.503844       2.271845    
  0.6838335       1.503428       2.274080    
  0.6800543       1.502981       2.276288    
  0.6765799       1.502502       2.278464    
  0.6734308       1.501993       2.280607    
  0.6706257       1.501452       2.282712    
  0.6681817       1.500881       2.284778    
  0.6661135       1.500278       2.286800    
  0.6644342       1.499646       2.288777    
  0.6631546       1.498985       2.290705    
  0.6622834       1.498297       2.292581    
  0.6618270       1.497582       2.294403    
  0.6617897       1.496843       2.296168    
  0.6621733       1.496081       2.297874    
  0.6629776       1.495300       2.299517    
  0.6641998       1.494500       2.301095    
  0.6658349       1.493686       2.302606    
  0.6678758       1.492860       2.304047    
  0.6703129       1.492025       2.305417    
  0.6731347       1.491185       2.306711    
  0.6763275       1.490344       2.307930    
  0.6798753       1.489504       2.309070    
  0.6837605       1.488671       2.310129    
  0.6879634       1.487848       2.311107    
  0.6924628       1.487040       2.312000    
  0.6972356       1.486250       2.312808    
  0.7022573       1.485484       2.313528    
  0.7075021       1.484746       2.314160    
  0.7129429       1.484041       2.314703    
  0.7185515       1.483373       2.315154    
  0.7242987       1.482746       2.315513    
  0.7301546       1.482166       2.315780    
  0.7360890       1.481637       2.315953    
  0.7420707       1.481164       2.316033    
  0.7480687       1.480751       2.316018    
  0.7540518       1.480401       2.315908    
  0.7599887       1.480120       2.315704    
  0.7658486       1.479911       2.315406    
  0.7716011       1.479778       2.315012    
  0.7772162       1.479725       2.314525    
  0.7826649       1.479754       2.313945    
  0.7879190       1.479869       2.313272    
  0.7929516       1.480072       2.312507    
  0.7977367       1.480367       2.311651    
  0.8022499       1.480754       2.310707    
  0.8064684       1.481236       2.309674    
  0.8103707       1.481815       2.308555    
  0.8139376       1.482490       2.307351    
  0.8171513       1.483263       2.306064    
  0.8199962       1.484134       2.304697    
  0.8224588       1.485103       2.303252    
  0.8245276       1.486170       2.301731    
  0.8261933       1.487332       2.300136    
  0.8274491       1.488590       2.298471    
  0.8282902       1.489941       2.296738    
  0.8287144       1.491382       2.294940    
  0.8287215       1.492912       2.293081    
  0.8283139       1.494526       2.291164    
  0.8274963       1.496223       2.289191    
  0.8262756       1.497997       2.287167    
  0.8246610       1.499844       2.285096    
  0.8226640       1.501761       2.282980    
  0.8202981       1.503741       2.280824    
  0.8175790       1.505780       2.278632    
  0.8145243       1.507872       2.276408    
  0.8111535       1.510011       2.274156    
  0.8074878       1.512191       2.271879    
  0.8035502       1.514405       2.269583    
  0.7993653       1.516647       2.267272    
  0.7949588       1.518910       2.264949    
  0.7903578       1.521187       2.262620    
  0.7855905       1.523470       2.260288    
  0.7806862       1.525753       2.257957    
  0.7756746       1.528028       2.255633    
  0.7705864       1.530287       2.253320    
  0.7654525       1.532524       2.251021    
  0.7603041       1.534730       2.248741    
  0.7551725       1.536898       2.246485    
  0.7500889       1.539021       2.244256    
  0.7450843       1.541092       2.242058    
  0.7401893       1.543104       2.239897    
  0.7354335       1.545049       2.237774    
  0.7308463       1.546921       2.235696    
  0.7264558       1.548713       2.233664    
  0.7222891       1.550420       2.231683    
  0.7183719       1.552035       2.229757    
  0.7147288       1.553552       2.227889    
  0.7113825       1.554966       2.226082    
  0.7083544       1.556272       2.224339    
  0.7056637       1.557466       2.222663    
  0.7033282       1.558543       2.221058    
  0.7013632       1.559500       2.219525    
  0.6997823       1.560332       2.218068    
  0.6985966       1.561038       2.216688    
  0.6978152       1.561615       2.215388    
  0.6974450       1.562060       2.214170    
  0.6974903       1.562372       2.213036    
  0.6979532       1.562550       2.211986    
  0.6988334       1.562593       2.211024    
  0.7001283       1.562502       2.210149    
  0.7018329       1.562277       2.209363    
  0.7039398       1.561918       2.208667    
  0.7064394       1.561427       2.208062    
  0.7093198       1.560805       2.207547    
  0.7125671       1.560056       2.207123    
  0.7161650       1.559181       2.206791    
  0.7200955       1.558184       2.206550    
  0.7243384       1.557068       2.206399    
  0.7288718       1.555837       2.206339    
  0.7336722       1.554496       2.206368    
  0.7387145       1.553050       2.206486    
  0.7439721       1.551502       2.206691    
  0.7494172       1.549860       2.206983    
  0.7550209       1.548128       2.207359    
  0.7607532       1.546312       2.207819    
  0.7665834       1.544418       2.208361    
  0.7724802       1.542453       2.208983    
  0.7784118       1.540424       2.209682    
  0.7843460       1.538336       2.210458    
  0.7902506       1.536198       2.211306    
  0.7960935       1.534015       2.212226    
  0.8018428       1.531794       2.213214    
  0.8074670       1.529544       2.214268    
  0.8129351       1.527270       2.215385    
  0.8182171       1.524979       2.216563    
  0.8232837       1.522679       2.217798    
  0.8281067       1.520377       2.219087    
  0.8326593       1.518078       2.220428    
  0.8369159       1.515791       2.221817    
  0.8408526       1.513520       2.223251    
  0.8444469       1.511272       2.224727    
  0.8476784       1.509054       2.226242    
  0.8505283       1.506870       2.227792    
  0.8529800       1.504727       2.229374    
  0.8550187       1.502630       2.230985    
  0.8566322       1.500583       2.232621    
  0.8578102       1.498591       2.234280    
  0.8585446       1.496659       2.235957    
  0.8588300       1.494789       2.237650    
  0.8586629       1.492987       2.239354    
  0.8580425       1.491255       2.241068    
  0.8569704       1.489596       2.242788    
  0.8554502       1.488013       2.244509    
  0.8534882       1.486507       2.246231    
  0.8510928       1.485080       2.247948    
  0.8482748       1.483734       2.249659    
  0.8450469       1.482469       2.251360    
  0.8414244       1.481287       2.253048    
  0.8374242       1.480187       2.254721    
  0.8330654       1.479170       2.256376    
  0.8283687       1.478235       2.258009    
  0.8233567       1.477381       2.259619    
  0.8180537       1.476607       2.261203    
  0.8124850       1.475912       2.262758    
  0.8066778       1.475295       2.264282    
  0.8006600       1.474752       2.265772    
  0.7944607       1.474283       2.267227    
  0.7881098       1.473884       2.268645    
  0.7816380       1.473554       2.270023    
  0.7750764       1.473289       2.271359    
  0.7684565       1.473087       2.272652    
  0.7618098       1.472944       2.273900    
  0.7551681       1.472857       2.275101    
  0.7485628       1.472823       2.276253    
  0.7420250       1.472838       2.277356    
  0.7355853       1.472900       2.278408    
  0.7292736       1.473004       2.279407    
  0.7231190       1.473147       2.280352    
  0.7171494       1.473326       2.281243    
  0.7113919       1.473538       2.282078    
  0.7058721       1.473778       2.282856    
  0.7006140       1.474044       2.283576    
  0.6956403       1.474333       2.284239    
  0.6909719       1.474641       2.284843    
  0.6866278       1.474965       2.285387    
  0.6826254       1.475304       2.285872    
  0.6789799       1.475653       2.286296    
  0.6757045       1.476012       2.286659    
  0.6728102       1.476376       2.286962    
  0.6703059       1.476745       2.287204    
  0.6681983       1.477117       2.287384    
  0.6664918       1.477489       2.287504    
  0.6651886       1.477861       2.287562    
  0.6642885       1.478230       2.287560    
  0.6637892       1.478597       2.287498    
  0.6636862       1.478960       2.287374    
  0.6639725       1.479319       2.287192    
  0.6646394       1.479673       2.286949    
  0.6656757       1.480022       2.286648    
  0.6670685       1.480366       2.286288    
  0.6688027       1.480705       2.285871    
  0.6708617       1.481041       2.285397    
  0.6732268       1.481372       2.284867    
  0.6758779       1.481701       2.284281    
  0.6787934       1.482027       2.283641    
  0.6819503       1.482353       2.282948    
  0.6853244       1.482678       2.282203    
  0.6888903       1.483005       2.281406    
  0.6926218       1.483335       2.280560    
  0.6964920       1.483669       2.279665    
  0.7004733       1.484008       2.278723    
  0.7045376       1.484354       2.277734    
  0.7086567       1.484708       2.276702    
  0.7128020       1.485073       2.275626    
  0.7169453       1.485449       2.274509    
  0.7210584       1.485838       2.273352    
  0.7251136       1.486241       2.272158    
  0.7290837       1.486659       2.270926    
  0.7329423       1.487095       2.269661    
  0.7366639       1.487548       2.268363    
  0.7402238       1.488019       2.267034    
  0.7435988       1.488511       2.265676    
  0.7467667       1.489022       2.264292    
  0.7497069       1.489554       2.262882    
  0.7524005       1.490108       2.261450    
  0.7548299       1.490682       2.259998    
  0.7569796       1.491277       2.258527    
  0.7588360       1.491893       2.257040    
  0.7603871       1.492529       2.255539    
  0.7616231       1.493184       2.254027    
  0.7625366       1.493858       2.252505    
  0.7631218       1.494549       2.250977    
  0.7633753       1.495255       2.249443    
  0.7632960       1.495976       2.247908    
  0.7628847       1.496708       2.246372    
  0.7621447       1.497451       2.244839    
  0.7610811       1.498201       2.243311    
  0.7597015       1.498956       2.241790    
  0.7580153       1.499714       2.240279    
  0.7560342       1.500470       2.238779    
  0.7537716       1.501223       2.237294    
  0.7512430       1.501969       2.235826    
  0.7484656       1.502705       2.234376    
  0.7454583       1.503426       2.232948    
  0.7422417       1.504130       2.231544    
  0.7388377       1.504812       2.230165    
  0.7352696       1.505469       2.228813    
  0.7315620       1.506096       2.227492    
  0.7277405       1.506691       2.226203    
  0.7238317       1.507248       2.224947    
  0.7198627       1.507764       2.223728    
  0.7158615       1.508235       2.222546    
  0.7118564       1.508657       2.221404    
  0.7078758       1.509027       2.220302    
  0.7039486       1.509340       2.219244    
  0.7001032       1.509594       2.218230    
  0.6963681       1.509785       2.217262    
  0.6927711       1.509909       2.216340    
  0.6893396       1.509965       2.215467    
  0.6861002       1.509948       2.214644    
  0.6830787       1.509857       2.213871    
  0.6802996       1.509689       2.213149    
  0.6777865       1.509442       2.212479    
  0.6755614       1.509114       2.211862    
  0.6736448       1.508705       2.211299    
  0.6720559       1.508213       2.210789    
  0.6708118       1.507638       2.210334    
  0.6699278       1.506978       2.209933    
  0.6694176       1.506235       2.209587    
  0.6692925       1.505408       2.209295    
  0.6695618       1.504498       2.209057    
  0.6702327       1.503507       2.208873    
  0.6713099       1.502436       2.208743    
  0.6727963       1.501286       2.208666    
  0.6746921       1.500061       2.208641    
  0.6769953       1.498763       2.208668    
  0.6797017       1.497395       2.208747    
  0.6828047       1.495960       2.208875    
  0.6862953       1.494462       2.209052    
  0.6901625       1.492906       2.209277    
  0.6943929       1.491296       2.209548    
  0.6989711       1.489637       2.209864    
  0.7038795       1.487933       2.210225    
  0.7090988       1.486191       2.210627    
  0.7146074       1.484416       2.211070    
  0.7203822       1.482614       2.211552    
  0.7263985       1.480791       2.212071    
  0.7326300       1.478953       2.212625    
  0.7390488       1.477108       2.213213    
  0.7456262       1.475261       2.213833    
  0.7523320       1.473420       2.214483    
  0.7591352       1.471591       2.215160    
  0.7660041       1.469781       2.215863    
  0.7729064       1.467999       2.216590    
  0.7798092       1.466249       2.217339    
  0.7866795       1.464540       2.218107    
  0.7934842       1.462878       2.218893    
  0.8001903       1.461271       2.219695    
  0.8067649       1.459724       2.220510    
  0.8131759       1.458245       2.221338    
  0.8193914       1.456839       2.222174    
  0.8253808       1.455514       2.223019    
  0.8311140       1.454274       2.223870    
  0.8365623       1.453126       2.224725    
  0.8416981       1.452075       2.225581    
  0.8464954       1.451126       2.226439    
  0.8509299       1.450284       2.227295    
  0.8549785       1.449553       2.228149    
  0.8586205       1.448937       2.228999    
  0.8618367       1.448439       2.229842    
  0.8646104       1.448064       2.230679    
  0.8669267       1.447813       2.231507    
  0.8687730       1.447689       2.232326    
  0.8701392       1.447694       2.233135    
  0.8710174       1.447828       2.233931    
  0.8714020       1.448094       2.234715    
  0.8712901       1.448491       2.235486    
  0.8706810       1.449019       2.236243    
  0.8695766       1.449678       2.236984    
  0.8679814       1.450467       2.237711    
  0.8659020       1.451383       2.238422    
  0.8633477       1.452426       2.239118    
  0.8603300       1.453592       2.239797    
  0.8568628       1.454879       2.240459    
  0.8529621       1.456284       2.241106    
  0.8486462       1.457802       2.241736    
  0.8439352       1.459429       2.242350    
  0.8388515       1.461161       2.242949    
  0.8334189       1.462993       2.243531    
  0.8276633       1.464919       2.244099    
  0.8216119       1.466934       2.244652    
  0.8152936       1.469032       2.245192    
  0.8087381       1.471206       2.245718    
  0.8019766       1.473450       2.246231    
  0.7950411       1.475758       2.246732    
  0.7879644       1.478123       2.247222    
  0.7807800       1.480536       2.247702    
  0.7735215       1.482992       2.248173    
  0.7662233       1.485483       2.248635    
  0.7589194       1.488001       2.249090    
  0.7516438       1.490539       2.249539    
  0.7444303       1.493090       2.249982    
  0.7373122       1.495646       2.250421    
  0.7303222       1.498200       2.250856    
  0.7234921       1.500744       2.251290    
  0.7168528       1.503271       2.251722    
  0.7104340       1.505775       2.252154    
  0.7042642       1.508248       2.252588    
  0.6983704       1.510684       2.253023    
  0.6927781       1.513075       2.253461    
  0.6875110       1.515417       2.253902    
  0.6825911       1.517703       2.254349    
  0.6780384       1.519928       2.254801    
  0.6738708       1.522085       2.255260    
  0.6701043       1.524170       2.255726    
  0.6667525       1.526179       2.256200    
  0.6638268       1.528107       2.256682    
  0.6613365       1.529950       2.257174    
  0.6592882       1.531704       2.257676    
  0.6576865       1.533367       2.258188    
  0.6565333       1.534935       2.258710    
  0.6558284       1.536407       2.259243    
  0.6555690       1.537780       2.259788    
  0.6557501       1.539053       2.260344    
  0.6563644       1.540224       2.260911    
  0.6574025       1.541293       2.261491    
  0.6588524       1.542260       2.262081    
  0.6607004       1.543125       2.262683    
  0.6629307       1.543887       2.263296    
  0.6655255       1.544549       2.263920    
  0.6684652       1.545111       2.264554    
  0.6717286       1.545574       2.265198    
  0.6752930       1.545941       2.265852    
  0.6791340       1.546214       2.266514    
  0.6832263       1.546394       2.267185    
  0.6875432       1.546486       2.267864    
  0.6920572       1.546492       2.268549    
  0.6967398       1.546415       2.269240    
  0.7015620       1.546258       2.269936    
  0.7064945       1.546026       2.270636    
  0.7115073       1.545722       2.271339    
  0.7165706       1.545350       2.272044    
  0.7216544       1.544915       2.272750    
  0.7267291       1.544419       2.273456    
  0.7317654       1.543868       2.274159    
  0.7367347       1.543266       2.274861    
  0.7416088       1.542618       2.275558    
  0.7463606       1.541926       2.276249    
  0.7509640       1.541196       2.276935    
  0.7553940       1.540433       2.277612    
  0.7596269       1.539639       2.278280    
  0.7636406       1.538820       2.278937    
  0.7674145       1.537979       2.279583    
  0.7709294       1.537119       2.280215    
  0.7741683       1.536245       2.280833    
  0.7771157       1.535361       2.281435    
  0.7797584       1.534468       2.282019    
  0.7820849       1.533572       2.282585    
  0.7840861       1.532674       2.283132    
  0.7857547       1.531777       2.283657    
  0.7870859       1.530883       2.284160    
  0.7880768       1.529996       2.284640    
  0.7887267       1.529117       2.285095    
  0.7890374       1.528248       2.285525    
  0.7890125       1.527390       2.285927    
  0.7886579       1.526544       2.286302    
  0.7879816       1.525712       2.286649    
  0.7869937       1.524895       2.286965    
  0.7857060       1.524093       2.287251    
  0.7841327       1.523307       2.287505    
  0.7822892       1.522536       2.287727    
  0.7801931       1.521781       2.287915    
  0.7778633       1.521042       2.288070    
  0.7753204       1.520317       2.288191    
  0.7725862       1.519606       2.288277    
  0.7696837       1.518910       2.288327    
  0.7666370       1.518226       2.288340    
  0.7634713       1.517553       2.288318    
  0.7602124       1.516891       2.288258    
  0.7568866       1.516238       2.288161    
  0.7535210       1.515593       2.288027    
  0.7501426       1.514954       2.287854    
  0.7467789       1.514321       2.287644    
  0.7434570       1.513691       2.287395    
  0.7402041       1.513064       2.287109    
  0.7370467       1.512437       2.286784    
  0.7340111       1.511809       2.286421    
  0.7311226       1.511180       2.286020    
  0.7284058       1.510547       2.285580    
  0.7258844       1.509909       2.285103    
  0.7235806       1.509266       2.284588    
  0.7215156       1.508617       2.284036    
  0.7197091       1.507960       2.283446    
  0.7181792       1.507296       2.282820    
  0.7169423       1.506622       2.282157    
  0.7160133       1.505940       2.281458    
  0.7154048       1.505249       2.280724    
  0.7151278       1.504549       2.279954    
  0.7151912       1.503840       2.279150    
  0.7156016       1.503122       2.278312    
  0.7163638       1.502397       2.277440    
  0.7174803       1.501665       2.276536    
  0.7189513       1.500927       2.275599    
  0.7207748       1.500185       2.274631    
  0.7229468       1.499439       2.273632    
  0.7254609       1.498692       2.272603    
  0.7283087       1.497945       2.271545    
  0.7314796       1.497201       2.270459    
  0.7349608       1.496461       2.269346    
  0.7387376       1.495728       2.268206    
  0.7427936       1.495005       2.267041    
  0.7471100       1.494295       2.265851    
  0.7516668       1.493599       2.264638    
  0.7564421       1.492922       2.263403    
  0.7614124       1.492266       2.262146    
  0.7665530       1.491634       2.260870    
  0.7718378       1.491030       2.259575    
  0.7772397       1.490456       2.258262    
  0.7827306       1.489917       2.256932    
  0.7882814       1.489416       2.255588    
  0.7938626       1.488954       2.254230    
  0.7994440       1.488537       2.252861    
  0.8049953       1.488167       2.251480    
  0.8104858       1.487847       2.250090    
  0.8158851       1.487580       2.248692    
  0.8211626       1.487369       2.247288    
  0.8262886       1.487216       2.245880    
  0.8312334       1.487125       2.244469    
  0.8359684       1.487097       2.243056    
  0.8404657       1.487134       2.241644    
  0.8446983       1.487239       2.240235    
  0.8486405       1.487414       2.238830    
  0.8522681       1.487658       2.237431    
  0.8555581       1.487974       2.236040    
  0.8584892       1.488363       2.234658    
  0.8610419       1.488824       2.233289    
  0.8631985       1.489359       2.231934    
  0.8649431       1.489966       2.230594    
  0.8662621       1.490645       2.229273    
  0.8671438       1.491396       2.227971    
  0.8675789       1.492218       2.226692    
  0.8675602       1.493108       2.225437    
  0.8670829       1.494065       2.224208    
  0.8661444       1.495086       2.223008    
  0.8647447       1.496170       2.221839    
  0.8628860       1.497312       2.220702    
  0.8605729       1.498510       2.219600    
  0.8578125       1.499760       2.218536    
  0.8546139       1.501058       2.217510    
  0.8509888       1.502400       2.216526    
  0.8469510       1.503782       2.215585    
  0.8425165       1.505198       2.214690    
  0.8377032       1.506643       2.213842    
  0.8325313       1.508112       2.213043    
  0.8270227       1.509599       2.212296    
  0.8212011       1.511099       2.211601    
  0.8150917       1.512606       2.210962    
  0.8087216       1.514113       2.210380    
  0.8021189       1.515615       2.209855    
  0.7953131       1.517105       2.209391    
  0.7883347       1.518576       2.208988    
  0.7812153       1.520022       2.208648    
  0.7739871       1.521437       2.208373    
  0.7666828       1.522815       2.208163    
  0.7593357       1.524147       2.208019    
  0.7519792       1.525430       2.207943    
  0.7446468       1.526655       2.207935    
  0.7373719       1.527818       2.207997    
  0.7301875       1.528911       2.208129    
  0.7231262       1.529930       2.208331    
  0.7162200       1.530869       2.208604    
  0.7095000       1.531721       2.208948    
  0.7029961       1.532484       2.209363    
  0.6967375       1.533150       2.209849    
  0.6907519       1.533717       2.210407    
  0.6850653       1.534180       2.211034    
  0.6797026       1.534535       2.211732    
  0.6746866       1.534779       2.212500    
  0.6700383       1.534909       2.213336    
  0.6657771       1.534922       2.214240    
  0.6619198       1.534817       2.215210    
  0.6584816       1.534591       2.216246    
  0.6554751       1.534243       2.217345    
  0.6529108       1.533773       2.218507    
  0.6507968       1.533180       2.219729    
  0.6491390       1.532465       2.221010    
  0.6479406       1.531628       2.222347    
  0.6472027       1.530670       2.223739    
  0.6469237       1.529593       2.225183    
  0.6470999       1.528400       2.226676    
  0.6477250       1.527091       2.228217    
  0.6487904       1.525671       2.229801    
  0.6502853       1.524143       2.231427    
  0.6521966       1.522511       2.233091    
  0.6545092       1.520779       2.234791    
  0.6572059       1.518951       2.236522    
  0.6602673       1.517034       2.238282    
  0.6636724       1.515031       2.240068    
  0.6673986       1.512950       2.241875    
  0.6714213       1.510795       2.243701    
  0.6757147       1.508574       2.245541    
  0.6802518       1.506293       2.247392    
  0.6850042       1.503959       2.249250    
  0.6899427       1.501579       2.251112    
  0.6950369       1.499159       2.252973    
  0.7002563       1.496709       2.254830    
  0.7055695       1.494234       2.256679    
  0.7109448       1.491743       2.258516    
  0.7163506       1.489243       2.260338    
  0.7217549       1.486742       2.262139    
  0.7271264       1.484248       2.263917    
  0.7324338       1.481767       2.265668    
  0.7376466       1.479309       2.267388    
  0.7427350       1.476879       2.269073    
  0.7476698       1.474486       2.270720    
  0.7524233       1.472136       2.272326    
  0.7569686       1.469836       2.273885    
  0.7612804       1.467594       2.275396    
  0.7653348       1.465415       2.276855    
  0.7691094       1.463305       2.278259    
  0.7725838       1.461271       2.279604    
  0.7757393       1.459319       2.280889    
  0.7785590       1.457452       2.282109    
  0.7810283       1.455677       2.283262    
  0.7831345       1.453997       2.284346    
  0.7848673       1.452417       2.285359    
  0.7862184       1.450941       2.286297    
  0.7871820       1.449572       2.287159    
  0.7877544       1.448312       2.287944    
  0.7879343       1.447164       2.288648    
  0.7877228       1.446130       2.289272    
  0.7871233       1.445212       2.289812    
  0.7861413       1.444410       2.290268    
  0.7847847       1.443726       2.290639    
  0.7830635       1.443159       2.290925    
  0.7809901       1.442710       2.291123    
  0.7785786       1.442377       2.291234    
  0.7758453       1.442160       2.291258    
  0.7728084       1.442058       2.291193    
  0.7694877       1.442068       2.291042    
  0.7659047       1.442189       2.290802    
  0.7620826       1.442417       2.290476    
  0.7580459       1.442750       2.290062    
  0.7538203       1.443185       2.289563    
  0.7494326       1.443718       2.288979    
  0.7449107       1.444345       2.288311    
  0.7402830       1.445063       2.287560    
  0.7355788       1.445867       2.286728    
  0.7308277       1.446753       2.285816    
  0.7260598       1.447716       2.284826    
  0.7213050       1.448751       2.283760    
  0.7165933       1.449853       2.282619    
  0.7119545       1.451017       2.281407    
  0.7074180       1.452239       2.280124    
  0.7030124       1.453512       2.278774    
  0.6987659       1.454832       2.277359    
  0.6947057       1.456194       2.275881    
  0.6908577       1.457592       2.274343    
  0.6872470       1.459022       2.272749    
  0.6838970       1.460477       2.271101    
  0.6808299       1.461954       2.269401    
  0.6780660       1.463447       2.267654    
  0.6756242       1.464952       2.265861    
  0.6735213       1.466464       2.264027    
  0.6717724       1.467979       2.262154    
  0.6703904       1.469493       2.260246    
  0.6693863       1.471001       2.258306    
  0.6687686       1.472501       2.256338    
  0.6685442       1.473987       2.254344    
  0.6687171       1.475459       2.252329    
  0.6692895       1.476911       2.250296    
  0.6702612       1.478342       2.248248    
  0.6716297       1.479749       2.246188    
  0.6733902       1.481130       2.244120    
  0.6755357       1.482483       2.242049    
  0.6780572       1.483806       2.239975    
  0.6809433       1.485098       2.237905    
  0.6841805       1.486358       2.235840    
  0.6877536       1.487585       2.233785    
  0.6916451       1.488779       2.231742    
  0.6958360       1.489938       2.229714    
  0.7003055       1.491063       2.227706    
  0.7050312       1.492155       2.225720    
  0.7099892       1.493213       2.223760    
  0.7151542       1.494238       2.221828    
  0.7204999       1.495231       2.219928    
  0.7259989       1.496193       2.218062    
  0.7316228       1.497124       2.216234    
  0.7373425       1.498026       2.214447    
  0.7431287       1.498901       2.212703    
  0.7489511       1.499749       2.211004    
  0.7547796       1.500573       2.209354    
  0.7605841       1.501373       2.207756    
  0.7663342       1.502152       2.206211    
  0.7720003       1.502911       2.204722    
  0.7775528       1.503652       2.203291    
  0.7829630       1.504376       2.201922    
  0.7882031       1.505086       2.200615    
  0.7932458       1.505782       2.199373    
  0.7980653       1.506466       2.198198    
  0.8026369       1.507140       2.197092    
  0.8069373       1.507805       2.196056    
  0.8109447       1.508461       2.195093    
  0.8146390       1.509112       2.194204    
  0.8180016       1.509756       2.193390    
  0.8210161       1.510395       2.192653    
  0.8236679       1.511030       2.191994    
  0.8259443       1.511661       2.191415    
  0.8278348       1.512288       2.190916    
  0.8293312       1.512912       2.190499    
  0.8304273       1.513532       2.190164    
  0.8311192       1.514148       2.189913    
  0.8314053       1.514759       2.189745    
  0.8312863       1.515365       2.189662    
  0.8307649       1.515966       2.189665    
  0.8298463       1.516559       2.189752    
  0.8285379       1.517143       2.189925    
  0.8268493       1.517718       2.190185    
  0.8247920       1.518281       2.190530    
  0.8223797       1.518832       2.190960    
  0.8196281       1.519367       2.191477    
  0.8165548       1.519884       2.192079    
  0.8131790       1.520383       2.192765    
  0.8095216       1.520859       2.193536    
  0.8056054       1.521312       2.194390    
  0.8014541       1.521737       2.195328    
  0.7970930       1.522134       2.196347    
  0.7925486       1.522499       2.197447    
  0.7878481       1.522829       2.198627    
  0.7830197       1.523123       2.199886    
  0.7780924       1.523377       2.201221    
  0.7730954       1.523588       2.202632    
  0.7680584       1.523756       2.204118    
  0.7630114       1.523876       2.205675    
  0.7579842       1.523946       2.207303    
  0.7530065       1.523965       2.208999    
  0.7481076       1.523930       2.210762    
  0.7433164       1.523840       2.212588    
  0.7386609       1.523692       2.214477    
  0.7341686       1.523485       2.216424    
  0.7298658       1.523218       2.218428    
  0.7257777       1.522889       2.220486    
  0.7219280       1.522499       2.222595    
  0.7183393       1.522045       2.224753    
  0.7150325       1.521528       2.226956    
  0.7120268       1.520948       2.229202    
  0.7093397       1.520305       2.231486    
  0.7069866       1.519600       2.233806    
  0.7049812       1.518833       2.236159    
  0.7033350       1.518005       2.238541    
  0.7020574       1.517119       2.240948    
  0.7011555       1.516175       2.243378    
  0.7006344       1.515177       2.245826    
  0.7004969       1.514126       2.248288    
  0.7007433       1.513025       2.250762    
  0.7013719       1.511878       2.253243    
  0.7023787       1.510687       2.255727    
  0.7037573       1.509457       2.258210    
  0.7054992       1.508191       2.260690    
  0.7075937       1.506893       2.263161    
  0.7100281       1.505569       2.265620    
  0.7127875       1.504223       2.268063    
  0.7158552       1.502859       2.270486    
  0.7192127       1.501483       2.272885    
  0.7228394       1.500100       2.275257    
  0.7267135       1.498715       2.277597    
  0.7308115       1.497335       2.279902    
  0.7351084       1.495965       2.282167    
  0.7395782       1.494611       2.284390    
  0.7441937       1.493279       2.286566    
  0.7489268       1.491974       2.288693    
  0.7537484       1.490703       2.290766    
  0.7586292       1.489471       2.292783    
  0.7635391       1.488284       2.294739    
  0.7684480       1.487149       2.296632    
  0.7733255       1.486070       2.298459    
  0.7781414       1.485053       2.300216    
  0.7828656       1.484105       2.301901    
  0.7874687       1.483229       2.303512    
  0.7919216       1.482431       2.305045    
  0.7961960       1.481716       2.306498    
  0.8002647       1.481087       2.307869    
  0.8041015       1.480551       2.309156    
  0.8076814       1.480109       2.310357    
  0.8109808       1.479766       2.311469    
  0.8139775       1.479525       2.312493    
  0.8166512       1.479388       2.313425    
  0.8189830       1.479359       2.314265    
  0.8209562       1.479439       2.315012    
  0.8225560       1.479630       2.315665    
  0.8237696       1.479932       2.316222    
  0.8245863       1.480348       2.316685    
  0.8249977       1.480876       2.317052    
  0.8249976       1.481517       2.317322    
  0.8245822       1.482271       2.317498    
  0.8237500       1.483135       2.317577    
  0.8225017       1.484109       2.317562    
  0.8208405       1.485190       2.317452    
  0.8187721       1.486377       2.317249    
  0.8163041       1.487666       2.316953    
  0.8134466       1.489053       2.316566    
  0.8102121       1.490535       2.316088    
  0.8066149       1.492109       2.315522    
  0.8026718       1.493769       2.314869    
  0.7984012       1.495510       2.314131    
  0.7938238       1.497327       2.313309    
  0.7889617       1.499214       2.312407    
  0.7838390       1.501166       2.311427    
  0.7784812       1.503176       2.310371    
  0.7729153       1.505238       2.309241    
  0.7671695       1.507344       2.308040    
  0.7612732       1.509489       2.306771    
  0.7552567       1.511664       2.305437    
  0.7491511       1.513862       2.304041    
  0.7429881       1.516077       2.302586    
  0.7368000       1.518300       2.301075    
  0.7306193       1.520523       2.299513    
  0.7244785       1.522740       2.297901    
  0.7184102       1.524943       2.296243    
  0.7124466       1.527123       2.294543    
  0.7066197       1.529274       2.292804    
  0.7009606       1.531388       2.291030    
  0.6955000       1.533458       2.289225    
  0.6902672       1.535476       2.287391    
  0.6852908       1.537436       2.285533    
  0.6805980       1.539330       2.283654    
  0.6762146       1.541154       2.281757    
  0.6721648       1.542899       2.279846    
  0.6684712       1.544561       2.277925    
  0.6651546       1.546133       2.275997    
  0.6622338       1.547611       2.274065    
  0.6597257       1.548990       2.272133    
  0.6576449       1.550264       2.270203    
  0.6560041       1.551431       2.268280    
  0.6548135       1.552486       2.266366    
  0.6540810       1.553426       2.264465    
  0.6538122       1.554248       2.262579    
  0.6540103       1.554950       2.260711    
  0.6546760       1.555530       2.258864    
  0.6558077       1.555986       2.257041    
  0.6574012       1.556317       2.255244    
  0.6594502       1.556524       2.253476    
  0.6619457       1.556605       2.251739    
  0.6648766       1.556562       2.250035    
  0.6682296       1.556395       2.248366    
  0.6719891       1.556104       2.246734    
  0.6761373       1.555693       2.245142    
  0.6806547       1.555163       2.243591    
  0.6855196       1.554517       2.242082    
  0.6907086       1.553756       2.240617    
  0.6961969       1.552886       2.239198    
  0.7019578       1.551909       2.237825    
  0.7079635       1.550830       2.236500    
  0.7141848       1.549652       2.235223    
  0.7205915       1.548381       2.233996    
  0.7271526       1.547020       2.232820    
  0.7338361       1.545576       2.231694    
  0.7406098       1.544053       2.230620    
  0.7474407       1.542457       2.229597    
  0.7542958       1.540794       2.228626    
  0.7611421       1.539069       2.227708    
  0.7679467       1.537288       2.226842    
  0.7746769       1.535457       2.226028    
  0.7813007       1.533582       2.225267    
  0.7877864       1.531669       2.224557    
  0.7941035       1.529725       2.223899    
  0.8002223       1.527755       2.223292    
  0.8061143       1.525764       2.222736    
  0.8117521       1.523760       2.222230    
  0.8171102       1.521747       2.221774    
  0.8221641       1.519731       2.221367    
  0.8268913       1.517718       2.221007    
  0.8312711       1.515712       2.220695    
  0.8352847       1.513720       2.220430    
  0.8389153       1.511745       2.220210    
  0.8421481       1.509793       2.220035    
  0.8449706       1.507867       2.219903    
  0.8473725       1.505972       2.219814    
  0.8493457       1.504112       2.219766    
  0.8508844       1.502289       2.219759    
  0.8519852       1.500509       2.219791    
  0.8526469       1.498772       2.219861    
  0.8528710       1.497082       2.219968    
  0.8526608       1.495442       2.220110    
  0.8520222       1.493853       2.220288    
  0.8509633       1.492316       2.220498    
  0.8494943       1.490834       2.220741    
  0.8476275       1.489408       2.221014    
  0.8453774       1.488038       2.221317    
  0.8427604       1.486724       2.221648    
  0.8397945       1.485468       2.222007    
  0.8364998       1.484268       2.222391    
  0.8328977       1.483125       2.222800    
  0.8290113       1.482038       2.223233    
  0.8248649       1.481006       2.223688    
  0.8204842       1.480028       2.224164    
  0.8158957       1.479103       2.224659    
  0.8111269       1.478229       2.225173    
  0.8062062       1.477406       2.225705    
  0.8011623       1.476631       2.226253    
  0.7960244       1.475902       2.226816    
  0.7908221       1.475217       2.227393    
  0.7855847       1.474575       2.227983    
  0.7803419       1.473973       2.228584    
  0.7751225       1.473409       2.229196    
  0.7699555       1.472882       2.229817    
  0.7648687       1.472388       2.230446    
  0.7598897       1.471925       2.231083    
  0.7550446       1.471492       2.231725    
  0.7503590       1.471087       2.232373    
  0.7458569       1.470706       2.233025    
  0.7415611       1.470349       2.233680    
  0.7374927       1.470014       2.234336    
  0.7336717       1.469699       2.234993    
  0.7301158       1.469401       2.235650    
  0.7268414       1.469121       2.236306    
  0.7238626       1.468856       2.236960    
  0.7211919       1.468606       2.237611    
  0.7188395       1.468369       2.238257    
  0.7168136       1.468144       2.238898    
  0.7151203       1.467932       2.239534    
  0.7137635       1.467732       2.240162    
  0.7127449       1.467543       2.240782    
  0.7120641       1.467365       2.241394    
  0.7117186       1.467199       2.241996    
  0.7117035       1.467045       2.242588    
  0.7120121       1.466904       2.243168    
  0.7126353       1.466776       2.243736    
  0.7135624       1.466662       2.244291    
  0.7147803       1.466564       2.244833    
  0.7162745       1.466482       2.245359    
  0.7180285       1.466418       2.245871    
  0.7200241       1.466373       2.246367    
  0.7222417       1.466349       2.246847    
  0.7246602       1.466348       2.247309    
  0.7272573       1.466372       2.247754    
  0.7300093       1.466422       2.248180    
  0.7328919       1.466500       2.248588    
  0.7358796       1.466608       2.248976    
  0.7389463       1.466749       2.249346    
  0.7420654       1.466924       2.249695    
  0.7452099       1.467136       2.250023    
  0.7483526       1.467385       2.250331    
  0.7514663       1.467674       2.250619    
  0.7545236       1.468005       2.250885    
  0.7574980       1.468380       2.251130    
  0.7603628       1.468799       2.251354    
  0.7630924       1.469265       2.251557    
  0.7656617       1.469778       2.251739    
  0.7680467       1.470340       2.251899    
  0.7702244       1.470952       2.252039    
  0.7721730       1.471614       2.252158    
  0.7738721       1.472327       2.252257    
  0.7753027       1.473090       2.252335    
  0.7764477       1.473905       2.252394    
  0.7772913       1.474770       2.252433    
  0.7778199       1.475686       2.252454    
  0.7780215       1.476650       2.252456    
  0.7778864       1.477664       2.252440    
  0.7774068       1.478724       2.252408    
  0.7765769       1.479829       2.252359    
  0.7753934       1.480978       2.252295    
  0.7738550       1.482168       2.252215    
  0.7719625       1.483397       2.252122    
  0.7697191       1.484661       2.252016    
  0.7671303       1.485958       2.251898    
  0.7642035       1.487285       2.251768    
  0.7609486       1.488638       2.251629    
  0.7573774       1.490013       2.251480    
  0.7535039       1.491406       2.251323    
  0.7493439       1.492813       2.251159    
  0.7449155       1.494229       2.250990    
  0.7402384       1.495649       2.250815    
  0.7353338       1.497070       2.250637    
  0.7302249       1.498486       2.250456    
  0.7249362       1.499891       2.250273    
  0.7194937       1.501281       2.250090    
  0.7139245       1.502651       2.249908    
  0.7082567       1.503995       2.249727    
  0.7025195       1.505307       2.249550    
  0.6967428       1.506583       2.249376    
  0.6909571       1.507817       2.249207    
  0.6851933       1.509004       2.249044    
  0.6794826       1.510138       2.248888    
  0.6738564       1.511215       2.248740    
  0.6683457       1.512230       2.248600    
  0.6629815       1.513177       2.248470    
  0.6577944       1.514052       2.248349    
  0.6528141       1.514851       2.248240    
  0.6480700       1.515570       2.248142    
  0.6435902       1.516204       2.248056    
  0.6394017       1.516751       2.247983    
  0.6355304       1.517205       2.247923    
  0.6320007       1.517566       2.247876    
  0.6288356       1.517829       2.247843    
  0.6260562       1.517993       2.247823    
  0.6236820       1.518055       2.247818    
  0.6217306       1.518015       2.247827    
  0.6202173       1.517870       2.247849    
  0.6191557       1.517620       2.247886    
  0.6185569       1.517266       2.247936    
  0.6184297       1.516806       2.248000    
  0.6187809       1.516241       2.248076    
  0.6196146       1.515573       2.248165    
  0.6209327       1.514803       2.248267    
  0.6227345       1.513932       2.248379    
  0.6250172       1.512963       2.248503    
  0.6277751       1.511899       2.248636    
  0.6310006       1.510742       2.248779    
  0.6346833       1.509497       2.248930    
  0.6388108       1.508168       2.249088    
  0.6433682       1.506757       2.249253    
  0.6483386       1.505272       2.249422    
  0.6537029       1.503715       2.249596    
  0.6594398       1.502094       2.249772    
  0.6655264       1.500413       2.249950    
  0.6719379       1.498678       2.250129    
  0.6786478       1.496897       2.250306    
  0.6856279       1.495075       2.250481    
  0.6928489       1.493219       2.250652    
  0.7002801       1.491336       2.250819    
  0.7078897       1.489433       2.250979    
  0.7156452       1.487518       2.251131    
  0.7235129       1.485598       2.251274    
  0.7314591       1.483680       2.251406    
  0.7394491       1.481771       2.251526    
  0.7474485       1.479880       2.251633    
  0.7554225       1.478013       2.251726    
  0.7633365       1.476178       2.251802    
  0.7711565       1.474383       2.251862    
  0.7788486       1.472634       2.251903    
  0.7863798       1.470938       2.251924    
  0.7937179       1.469303       2.251925    
  0.8008317       1.467735       2.251904    
  0.8076911       1.466240       2.251861    
  0.8142674       1.464824       2.251795    
  0.8205334       1.463494       2.251704    
  0.8264634       1.462255       2.251588    
  0.8320336       1.461111       2.251446    
  0.8372219       1.460069       2.251279    
  0.8420082       1.459132       2.251084    
  0.8463746       1.458304       2.250863    
  0.8503052       1.457590       2.250615    
  0.8537865       1.456991       2.250339    
  0.8568072       1.456511       2.250036    
  0.8593584       1.456153       2.249706    
  0.8614336       1.455918       2.249349    
  0.8630287       1.455807       2.248965    
  0.8641421       1.455822       2.248554    
  0.8647744       1.455962       2.248118    
  0.8649290       1.456228       2.247657    
  0.8646115       1.456619       2.247171    
  0.8638299       1.457135       2.246661    
  0.8625943       1.457773       2.246129    
  0.8609174       1.458532       2.245576    
  0.8588140       1.459410       2.245002    
  0.8563007       1.460403       2.244408    
  0.8533962       1.461509       2.243797    
  0.8501214       1.462724       2.243170    
  0.8464985       1.464044       2.242528    
  0.8425515       1.465464       2.241873    
  0.8383060       1.466981       2.241206    
  0.8337888       1.468588       2.240529    
  0.8290279       1.470282       2.239845    
  0.8240523       1.472055       2.239155    
  0.8188921       1.473904       2.238461    
  0.8135777       1.475820       2.237765    
  0.8081403       1.477799       2.237069    
  0.8026114       1.479834       2.236376    
  0.7970228       1.481919       2.235687    
  0.7914060       1.484047       2.235004    
  0.7857925       1.486211       2.234330    
  0.7802136       1.488405       2.233667    
  0.7746998       1.490622       2.233018    
  0.7692811       1.492856       2.232383    
  0.7639865       1.495099       2.231767    
  0.7588443       1.497347       2.231170    
  0.7538812       1.499591       2.230595    
  0.7491229       1.501826       2.230044    
  0.7445936       1.504045       2.229519    
  0.7403159       1.506244       2.229022    
  0.7363107       1.508415       2.228555    
  0.7325971       1.510554       2.228121    
  0.7291924       1.512655       2.227720    
  0.7261118       1.514713       2.227355    
  0.7233685       1.516724       2.227028    
  0.7209735       1.518683       2.226740    
  0.7189356       1.520585       2.226492    
  0.7172616       1.522428       2.226287    
  0.7159557       1.524207       2.226126    
  0.7150202       1.525920       2.226010    
  0.7144549       1.527563       2.225940    
  0.7142574       1.529135       2.225917    
  0.7144232       1.530632       2.225942    
  0.7149453       1.532054       2.226017    
  0.7158149       1.533399       2.226141    
  0.7170211       1.534666       2.226317    
  0.7185507       1.535854       2.226544    
  0.7203889       1.536963       2.226822    
  0.7225188       1.537992       2.227153    
  0.7249221       1.538943       2.227536    
  0.7275785       1.539815       2.227971    
  0.7304667       1.540609       2.228459    
  0.7335636       1.541327       2.228999    
  0.7368453       1.541970       2.229591    
  0.7402865       1.542539       2.230235    
  0.7438611       1.543037       2.230931    
  0.7475425       1.543465       2.231677    
  0.7513032       1.543825       2.232473    
  0.7551154       1.544121       2.233319    
  0.7589511       1.544354       2.234213    
  0.7627821       1.544528       2.235155    
  0.7665804       1.544644       2.236143    
  0.7703182       1.544707       2.237176    
  0.7739682       1.544718       2.238253    
  0.7775036       1.544681       2.239373    
  0.7808983       1.544599       2.240534    
  0.7841272       1.544474       2.241735    
  0.7871663       1.544310       2.242973    
  0.7899926       1.544109       2.244249    
  0.7925847       1.543875       2.245559    
  0.7949223       1.543609       2.246902    
  0.7969871       1.543316       2.248276    
  0.7987621       1.542996       2.249680    
  0.8002326       1.542653       2.251111    
  0.8013852       1.542289       2.252567    
  0.8022089       1.541906       2.254046    
  0.8026945       1.541505       2.255547    
  0.8028350       1.541089       2.257066    
  0.8026256       1.540659       2.258602    
  0.8020635       1.540217       2.260154    
  0.8011481       1.539763       2.261717    
  0.7998812       1.539299       2.263291    
  0.7982666       1.538826       2.264873    
  0.7963105       1.538343       2.266460    
  0.7940208       1.537852       2.268051    
  0.7914080       1.537352       2.269643    
  0.7884843       1.536844       2.271233    
  0.7852639       1.536327       2.272820    
  0.7817631       1.535801       2.274402    
  0.7779998       1.535266       2.275975    
  0.7739937       1.534720       2.277538    
  0.7697662       1.534163       2.279088    
  0.7653398       1.533593       2.280622    
  0.7607387       1.533011       2.282140    
  0.7559881       1.532414       2.283638    
  0.7511145       1.531801       2.285115    
  0.7461450       1.531172       2.286567    
  0.7411076       1.530524       2.287993    
  0.7360309       1.529855       2.289391    
  0.7309440       1.529166       2.290758    
  0.7258760       1.528454       2.292093    
  0.7208565       1.527717       2.293392    
  0.7159146       1.526954       2.294655    
  0.7110794       1.526165       2.295878    
  0.7063795       1.525347       2.297061    
  0.7018430       1.524499       2.298201    
  0.6974972       1.523621       2.299295    
  0.6933684       1.522711       2.300343    
  0.6894820       1.521769       2.301342    
  0.6858621       1.520794       2.302291    
  0.6825315       1.519785       2.303187    
  0.6795115       1.518743       2.304029    
  0.6768217       1.517667       2.304815    
  0.6744801       1.516557       2.305544    
  0.6725029       1.515415       2.306213    
  0.6709041       1.514239       2.306822    
  0.6696960       1.513032       2.307369    
  0.6688886       1.511794       2.307852    
  0.6684897       1.510527       2.308270    
  0.6685051       1.509232       2.308622    
  0.6689382       1.507911       2.308907    
  0.6697900       1.506566       2.309123    
  0.6710595       1.505200       2.309268    
  0.6727433       1.503815       2.309344    
  0.6748354       1.502414       2.309347    
  0.6773281       1.501000       2.309278    
  0.6802110       1.499576       2.309135    
  0.6834717       1.498146       2.308918    
  0.6870958       1.496714       2.308625    
  0.6910666       1.495283       2.308258    
  0.6953657       1.493858       2.307815    
  0.6999727       1.492442       2.307296    
  0.7048655       1.491040       2.306700    
  0.7100204       1.489656       2.306028    
  0.7154122       1.488296       2.305279    
  0.7210142       1.486962       2.304454    
  0.7267986       1.485662       2.303553    
  0.7327365       1.484398       2.302576    
  0.7387981       1.483175       2.301523    
  0.7449528       1.481999       2.300395    
  0.7511694       1.480874       2.299193    
  0.7574163       1.479804       2.297918    
  0.7636617       1.478794       2.296570    
  0.7698736       1.477848       2.295150    
  0.7760202       1.476970       2.293660    
  0.7820700       1.476165       2.292101    
  0.7879918       1.475436       2.290475    
  0.7937553       1.474787       2.288783    
  0.7993306       1.474221       2.287026    
  0.8046890       1.473742       2.285207    
  0.8098030       1.473351       2.283328    
  0.8146461       1.473052       2.281390    
  0.8191932       1.472847       2.279396    
  0.8234211       1.472737       2.277348    
  0.8273079       1.472724       2.275249    
  0.8308337       1.472810       2.273101    
  0.8339803       1.472995       2.270908    
  0.8367318       1.473279       2.268671    
  0.8390741       1.473663       2.266395    
  0.8409955       1.474145       2.264081    
  0.8424864       1.474726       2.261734    
  0.8435395       1.475404       2.259356    
  0.8441498       1.476176       2.256951    
  0.8443149       1.477042       2.254522    
  0.8440344       1.477998       2.252074    
  0.8433105       1.479042       2.249609    
  0.8421479       1.480170       2.247131    
  0.8405533       1.481379       2.244644    
  0.8385358       1.482665       2.242153    
  0.8361070       1.484023       2.239661    
  0.8332804       1.485448       2.237171    
  0.8300718       1.486936       2.234688    
  0.8264989       1.488480       2.232217    
  0.8225814       1.490076       2.229760    
  0.8183408       1.491717       2.227323    
  0.8138003       1.493396       2.224908    
  0.8089846       1.495108       2.222521    
  0.8039201       1.496847       2.220165    
  0.7986343       1.498604       2.217845    
  0.7931557       1.500373       2.215564    
  0.7875141       1.502147       2.213326    
  0.7817399       1.503919       2.211135    
  0.7758642       1.505682       2.208996    
  0.7699186       1.507428       2.206911    
  0.7639351       1.509151       2.204885    
  0.7579458       1.510842       2.202921    
  0.7519825       1.512495       2.201022    
  0.7460771       1.514104       2.199193    
  0.7402610       1.515661       2.197436    
  0.7345650       1.517159       2.195754    
  0.7290190       1.518592       2.194151    
  0.7236525       1.519953       2.192630    
  0.7184933       1.521238       2.191192    
  0.7135686       1.522439       2.189842    
  0.7089036       1.523552       2.188581    
  0.7045226       1.524571       2.187411    
  0.7004477       1.525492       2.186335    
  0.6966998       1.526310       2.185355    
  0.6932974       1.527021       2.184472    
  0.6902575       1.527623       2.183687    
  0.6875947       1.528110       2.183003    
  0.6853215       1.528482       2.182420    
  0.6834483       1.528735       2.181940    
  0.6819831       1.528868       2.181563    
  0.6809318       1.528880       2.181289    
  0.6802978       1.528769       2.181119    
  0.6800821       1.528536       2.181054    
  0.6802834       1.528180       2.181092    
  0.6808982       1.527702       2.181235    
  0.6819203       1.527103       2.181480    
  0.6833417       1.526384       2.181828    
  0.6851516       1.525549       2.182279    
  0.6873376       1.524598       2.182829    
  0.6898847       1.523536       2.183480    
  0.6927761       1.522364       2.184227    
  0.6959931       1.521088       2.185072    
  0.6995150       1.519711       2.186010    
  0.7033197       1.518238       2.187041    
  0.7073833       1.516674       2.188162    
  0.7116804       1.515023       2.189371    
  0.7161844       1.513291       2.190665    
  0.7208676       1.511485       2.192042    
  0.7257012       1.509609       2.193498    
  0.7306556       1.507672       2.195031    
  0.7357005       1.505678       2.196638    
  0.7408054       1.503634       2.198314    
  0.7459390       1.501548       2.200058    
  0.7510702       1.499426       2.201865    
  0.7561678       1.497276       2.203732    
  0.7612007       1.495104       2.205655    
  0.7661384       1.492917       2.207630    
  0.7709509       1.490723       2.209654    
  0.7756088       1.488528       2.211723    
  0.7800836       1.486340       2.213832    
  0.7843480       1.484165       2.215978    
  0.7883756       1.482010       2.218157    
  0.7921417       1.479881       2.220364    
  0.7956229       1.477786       2.222596    
  0.7987973       1.475729       2.224848    
  0.8016449       1.473718       2.227117    
  0.8041476       1.471758       2.229397    
  0.8062890       1.469854       2.231686    
  0.8080550       1.468012       2.233978    
  0.8094334       1.466236       2.236271    
  0.8104144       1.464531       2.238560    
  0.8109902       1.462901       2.240841    
  0.8111556       1.461349       2.243110    
  0.8109073       1.459881       2.245363    
  0.8102447       1.458497       2.247597    
  0.8091693       1.457202       2.249809    
  0.8076850       1.455997       2.251994    
  0.8057981       1.454884       2.254148    
  0.8035169       1.453865       2.256270    
  0.8008523       1.452942       2.258355    
  0.7978170       1.452114       2.260399    
  0.7944260       1.451383       2.262401    
  0.7906961       1.450748       2.264357    
  0.7866462       1.450210       2.266264    
  0.7822971       1.449766       2.268120    
  0.7776709       1.449417       2.269922    
  0.7727915       1.449161       2.271667    
  0.7676843       1.448997       2.273353    
  0.7623759       1.448922       2.274978    
  0.7568939       1.448934       2.276540    
  0.7512672       1.449031       2.278036    
  0.7455251       1.449210       2.279466    
  0.7396979       1.449469       2.280827    
  0.7338163       1.449803       2.282118    
  0.7279112       1.450210       2.283338    
  0.7220138       1.450686       2.284485    
  0.7161552       1.451228       2.285557    
  0.7103662       1.451833       2.286555    
  0.7046774       1.452495       2.287477    
  0.6991188       1.453212       2.288322    
  0.6937196       1.453980       2.289091    
  0.6885083       1.454794       2.289781    
  0.6835122       1.455651       2.290394    
  0.6787574       1.456548       2.290928    
  0.6742690       1.457480       2.291384    
  0.6700703       1.458443       2.291761    
  0.6661831       1.459435       2.292061    
  0.6626275       1.460451       2.292282    
  0.6594218       1.461488       2.292426    
  0.6565824       1.462544       2.292493    
  0.6541237       1.463614       2.292483    
  0.6520580       1.464696       2.292397    
  0.6503954       1.465788       2.292237    
  0.6491439       1.466887       2.292001    
  0.6483091       1.467990       2.291693    
  0.6478946       1.469096       2.291313    
  0.6479014       1.470202       2.290862    
  0.6483284       1.471307       2.290340    
  0.6491722       1.472410       2.289751    
  0.6504272       1.473509       2.289095    
  0.6520854       1.474603       2.288373    
  0.6541368       1.475691       2.287587    
  0.6565692       1.476774       2.286739    
  0.6593686       1.477850       2.285831    
  0.6625186       1.478919       2.284864    
  0.6660014       1.479982       2.283840    
  0.6697972       1.481039       2.282761    
  0.6738846       1.482089       2.281630    
  0.6782407       1.483134       2.280448    
  0.6828412       1.484175       2.279217    
  0.6876607       1.485211       2.277940    
  0.6926725       1.486244       2.276618    
  0.6978491       1.487276       2.275255    
  0.7031622       1.488306       2.273852    
  0.7085828       1.489336       2.272412    
  0.7140816       1.490368       2.270938    
  0.7196289       1.491403       2.269431    
  0.7251950       1.492442       2.267894    
  0.7307500       1.493485       2.266331    
  0.7362646       1.494535       2.264743    
  0.7417095       1.495593       2.263133    
  0.7470563       1.496659       2.261503    
  0.7522771       1.497735       2.259858    
  0.7573451       1.498821       2.258198    
  0.7622342       1.499918       2.256528    
  0.7669199       1.501027       2.254850    
  0.7713786       1.502148       2.253166    
  0.7755884       1.503283       2.251479    
  0.7795290       1.504430       2.249793    
  0.7831817       1.505589       2.248109    
  0.7865295       1.506762       2.246432    
  0.7895575       1.507947       2.244763    
  0.7922527       1.509143       2.243106    
  0.7946040       1.510350       2.241463    
  0.7966026       1.511567       2.239837    
  0.7982418       1.512792       2.238231    
  0.7995170       1.514023       2.236648    
  0.8004259       1.515260       2.235090    
  0.8009684       1.516501       2.233560    
  0.8011466       1.517742       2.232061    
  0.8009649       1.518982       2.230596    
  0.8004297       1.520217       2.229167    
  0.7995497       1.521447       2.227777    
  0.7983356       1.522666       2.226428    
  0.7968001       1.523873       2.225122    
  0.7949579       1.525063       2.223862    
  0.7928256       1.526234       2.222651    
  0.7904213       1.527382       2.221491    
  0.7877651       1.528503       2.220383    
  0.7848784       1.529594       2.219330    
  0.7817840       1.530650       2.218334    
  0.7785060       1.531668       2.217397    
  0.7750698       1.532644       2.216520    
  0.7715015       1.533574       2.215706    
  0.7678282       1.534454       2.214955    
  0.7640774       1.535280       2.214270    
  0.7602775       1.536048       2.213651    
  0.7564569       1.536755       2.213101    
  0.7526444       1.537398       2.212620    
  0.7488685       1.537971       2.212208    
  0.7451577       1.538473       2.211868    
  0.7415401       1.538900       2.211600    
  0.7380435       1.539248       2.211403    
  0.7346946       1.539517       2.211280    
  0.7315196       1.539701       2.211230    
  0.7285435       1.539801       2.211253    
  0.7257902       1.539813       2.211350    
  0.7232825       1.539736       2.211519    
  0.7210414       1.539568       2.211762    
  0.7190866       1.539309       2.212077    
  0.7174362       1.538957       2.212465    
  0.7161062       1.538513       2.212923    
  0.7151108       1.537977       2.213452    
  0.7144625       1.537348       2.214051    
  0.7141714       1.536628       2.214717    
  0.7142455       1.535817       2.215451    
  0.7146908       1.534918       2.216251    
  0.7155110       1.533931       2.217114    
  0.7167074       1.532860       2.218040    
  0.7182792       1.531707       2.219026    
  0.7202233       1.530476       2.220071    
  0.7225342       1.529168       2.221173    
  0.7252042       1.527789       2.222328    
  0.7282235       1.526343       2.223536    
  0.7315800       1.524833       2.224793    
  0.7352595       1.523265       2.226098    
  0.7392458       1.521643       2.227446    
  0.7435207       1.519974       2.228837    
