  0.7500000       1.500000       2.250000    
  0.7501562       1.500000       2.250000    
  0.7506243       1.500000       2.250000    
  0.7514020       1.500000       2.250000    
  0.7524861       1.500002       2.250000    
  0.7538721       1.500004       2.250000    
  0.7555544       1.500009       2.250000    
  0.7575263       1.500018       2.250000    
  0.7597799       1.500031       2.250000    
  0.7623064       1.500050       2.250000    
  0.7650958       1.500077       2.250000    
  0.7681371       1.500113       2.250000    
  0.7714184       1.500160       2.250000    
  0.7749268       1.500220       2.250000    
  0.7786484       1.500296       2.250001    
  0.7825686       1.500389       2.250002    
  0.7866718       1.500502       2.250003    
  0.7909418       1.500638       2.250004    
  0.7953616       1.500798       2.250005    
  0.7999135       1.500985       2.250007    
  0.8045793       1.501202       2.250010    
  0.8093399       1.501452       2.250013    
  0.8141761       1.501737       2.250017    
  0.8190681       1.502061       2.250023    
  0.8239957       1.502424       2.250029    
  0.8289383       1.502831       2.250037    
  0.8338752       1.503284       2.250047    
  0.8387855       1.503785       2.250059    
  0.8436480       1.504337       2.250073    
  0.8484415       1.504943       2.250090    
  0.8531449       1.505603       2.250109    
  0.8577373       1.506322       2.250132    
  0.8621976       1.507099       2.250159    
  0.8665051       1.507938       2.250190    
  0.8706393       1.508841       2.250226    
  0.8745802       1.509807       2.250267    
  0.8783080       1.510840       2.250313    
  0.8818035       1.511939       2.250366    
  0.8850479       1.513106       2.250427    
  0.8880231       1.514342       2.250494    
  0.8907116       1.515646       2.250570    
  0.8930967       1.517019       2.250655    
  0.8951623       1.518461       2.250750    
  0.8968934       1.519970       2.250856    
  0.8982755       1.521548       2.250973    
  0.8992953       1.523191       2.251102    
  0.8999403       1.524900       2.251244    
  0.9001992       1.526672       2.251401    
  0.9000615       1.528506       2.251572    
  0.8995182       1.530399       2.251759    
  0.8985609       1.532349       2.251963    
  0.8971829       1.534352       2.252184    
  0.8953783       1.536406       2.252425    
  0.8931426       1.538506       2.252685    
  0.8904726       1.540650       2.252966    
  0.8873662       1.542833       2.253268    
  0.8838227       1.545050       2.253593    
  0.8798427       1.547297       2.253942    
  0.8754281       1.549568       2.254316    
  0.8705820       1.551859       2.254715    
  0.8653091       1.554163       2.255140    
  0.8596151       1.556475       2.255593    
  0.8535071       1.558788       2.256075    
  0.8469936       1.561096       2.256585    
  0.8400843       1.563393       2.257126    
  0.8327901       1.565671       2.257697    
  0.8251234       1.567924       2.258299    
  0.8170976       1.570144       2.258934    
  0.8087273       1.572324       2.259601    
  0.8000284       1.574457       2.260302    
  0.7910179       1.576534       2.261036    
  0.7817137       1.578548       2.261805    
  0.7721350       1.580490       2.262608    
  0.7623019       1.582355       2.263445    
  0.7522355       1.584132       2.264317    
  0.7419578       1.585814       2.265224    
  0.7314916       1.587394       2.266165    
  0.7208605       1.588863       2.267140    
  0.7100890       1.590213       2.268150    
  0.6992021       1.591437       2.269194    
  0.6882255       1.592527       2.270271    
  0.6771855       1.593475       2.271380    
  0.6661087       1.594274       2.272521    
  0.6550224       1.594917       2.273693    
  0.6439541       1.595397       2.274894    
  0.6329315       1.595706       2.276124    
  0.6219825       1.595839       2.277382    
  0.6111354       1.595790       2.278665    
  0.6004182       1.595551       2.279972    
  0.5898591       1.595119       2.281301    
  0.5794861       1.594487       2.282651    
  0.5693271       1.593650       2.284019    
  0.5594097       1.592605       2.285403    
  0.5497613       1.591347       2.286801    
  0.5404087       1.589872       2.288209    
  0.5313783       1.588178       2.289627    
  0.5226960       1.586261       2.291050    
  0.5143870       1.584121       2.292475    
  0.5064758       1.581754       2.293900    
  0.4989863       1.579160       2.295321    
  0.4919415       1.576339       2.296736    
  0.4853632       1.573289       2.298139    
  0.4792727       1.570013       2.299529    
  0.4736899       1.566511       2.300900    
  0.4686339       1.562785       2.302249    
  0.4641225       1.558837       2.303572    
  0.4601722       1.554670       2.304864    
  0.4567984       1.550287       2.306123    
  0.4540152       1.545694       2.307343    
  0.4518352       1.540894       2.308519    
  0.4502698       1.535893       2.309648    
  0.4493288       1.530697       2.310725    
  0.4490206       1.525313       2.311745    
  0.4493522       1.519747       2.312704    
  0.4503288       1.514007       2.313597    
  0.4519543       1.508103       2.314419    
  0.4542309       1.502042       2.315166    
  0.4571593       1.495834       2.315832    
  0.4607384       1.489490       2.316414    
  0.4649657       1.483019       2.316906    
  0.4698369       1.476433       2.317304    
  0.4753463       1.469743       2.317603    
  0.4814863       1.462962       2.317798    
  0.4882479       1.456102       2.317886    
  0.4956204       1.449175       2.317861    
  0.5035917       1.442194       2.317719    
  0.5121477       1.435175       2.317457    
  0.5212733       1.428129       2.317070    
  0.5309516       1.421073       2.316554    
  0.5411641       1.414020       2.315906    
  0.5518911       1.406985       2.315121    
  0.5631115       1.399982       2.314197    
  0.5748028       1.393029       2.313130    
  0.5869409       1.386139       2.311917    
  0.5995010       1.379328       2.310556    
  0.6124567       1.372611       2.309043    
  0.6257805       1.366005       2.307377    
  0.6394440       1.359524       2.305556    
  0.6534175       1.353185       2.303577    
  0.6676707       1.347002       2.301439    
  0.6821721       1.340992       2.299142    
  0.6968895       1.335168       2.296683    
  0.7117901       1.329546       2.294063    
  0.7268404       1.324142       2.291281    
  0.7420061       1.318968       2.288338    
  0.7572526       1.314040       2.285234    
  0.7725451       1.309371       2.281969    
  0.7878481       1.304974       2.278545    
  0.8031259       1.300863       2.274963    
  0.8183430       1.297050       2.271226    
  0.8334634       1.293546       2.267335    
  0.8484515       1.290364       2.263293    
  0.8632715       1.287513       2.259104    
  0.8778881       1.285005       2.254770    
  0.8922660       1.282849       2.250296    
  0.9063705       1.281053       2.245685    
  0.9201671       1.279627       2.240943    
  0.9336224       1.278576       2.236075    
  0.9467029       1.277909       2.231085    
  0.9593764       1.277631       2.225981    
  0.9716113       1.277746       2.220767    
  0.9833767       1.278260       2.215451    
  0.9946432       1.279176       2.210039    
   1.005382       1.280495       2.204539    
   1.015565       1.282221       2.198958    
   1.025167       1.284353       2.193305    
   1.034162       1.286891       2.187589    
   1.042526       1.289835       2.181817    
   1.050237       1.293181       2.175998    
   1.057274       1.296928       2.170143    
   1.063619       1.301071       2.164261    
   1.069252       1.305606       2.158361    
   1.074157       1.310526       2.152455    
   1.078321       1.315824       2.146552    
   1.081730       1.321494       2.140663    
   1.084373       1.327526       2.134799    
   1.086241       1.333911       2.128971    
   1.087327       1.340638       2.123191    
   1.087624       1.347696       2.117470    
   1.087129       1.355073       2.111819    
   1.085841       1.362755       2.106250    
   1.083758       1.370730       2.100775    
   1.080883       1.378981       2.095406    
   1.077220       1.387494       2.090154    
   1.072774       1.396253       2.085032    
   1.067553       1.405240       2.080051    
   1.061566       1.414438       2.075224    
   1.054825       1.423829       2.070561    
   1.047342       1.433393       2.066075    
   1.039133       1.443112       2.061778    
   1.030215       1.452965       2.057680    
   1.020605       1.462931       2.053793    
   1.010325       1.472991       2.050129    
  0.9993949       1.483122       2.046697    
  0.9878396       1.493304       2.043509    
  0.9756839       1.503513       2.040576    
  0.9629543       1.513728       2.037906    
  0.9496788       1.523927       2.035510    
  0.9358869       1.534086       2.033397    
  0.9216092       1.544184       2.031576    
  0.9068779       1.554197       2.030056    
  0.8917262       1.564103       2.028845    
  0.8761883       1.573880       2.027950    
  0.8602995       1.583504       2.027379    
  0.8440961       1.592953       2.027139    
  0.8276152       1.602206       2.027236    
  0.8108947       1.611240       2.027675    
  0.7939733       1.620034       2.028462    
  0.7768899       1.628567       2.029601    
  0.7596844       1.636818       2.031096    
  0.7423967       1.644768       2.032950    
  0.7250671       1.652395       2.035166    
  0.7077363       1.659683       2.037746    
  0.6904449       1.666611       2.040692    
  0.6732336       1.673163       2.044003    
  0.6561429       1.679322       2.047680    
  0.6392133       1.685071       2.051723    
  0.6224848       1.690395       2.056129    
  0.6059973       1.695281       2.060896    
  0.5897899       1.699713       2.066022    
  0.5739012       1.703681       2.071504    
  0.5583694       1.707173       2.077335    
  0.5432316       1.710177       2.083513    
  0.5285242       1.712685       2.090029    
  0.5142825       1.714689       2.096879    
  0.5005411       1.716181       2.104055    
  0.4873331       1.717155       2.111549    
  0.4746906       1.717607       2.119351    
  0.4626443       1.717533       2.127453    
  0.4512237       1.716931       2.135844    
  0.4404567       1.715798       2.144514    
  0.4303698       1.714137       2.153450    
  0.4209878       1.711947       2.162642    
  0.4123339       1.709232       2.172075    
  0.4044298       1.705995       2.181736    
  0.3972951       1.702242       2.191612    
  0.3909479       1.697979       2.201687    
  0.3854043       1.693213       2.211946    
  0.3806784       1.687954       2.222374    
  0.3767827       1.682212       2.232954    
  0.3737274       1.675998       2.243670    
  0.3715208       1.669324       2.254503    
  0.3701692       1.662204       2.265437    
  0.3696769       1.654654       2.276453    
  0.3700463       1.646689       2.287532    
  0.3712773       1.638326       2.298657    
  0.3733681       1.629584       2.309807    
  0.3763147       1.620481       2.320963    
  0.3801112       1.611039       2.332106    
  0.3847494       1.601278       2.343216    
  0.3902192       1.591219       2.354273    
  0.3965086       1.580887       2.365256    
  0.4036036       1.570305       2.376146    
  0.4114880       1.559497       2.386922    
  0.4201439       1.548488       2.397565    
  0.4295517       1.537305       2.408053    
  0.4396895       1.525973       2.418366    
  0.4505342       1.514520       2.428486    
  0.4620605       1.502973       2.438391    
  0.4742417       1.491360       2.448063    
  0.4870494       1.479710       2.457482    
  0.5004539       1.468050       2.466628    
  0.5144237       1.456409       2.475484    
  0.5289261       1.444816       2.484031    
  0.5439271       1.433301       2.492250    
  0.5593916       1.421891       2.500125    
  0.5752832       1.410616       2.507638    
  0.5915644       1.399505       2.514774    
  0.6081969       1.388586       2.521515    
  0.6251415       1.377888       2.527847    
  0.6423582       1.367437       2.533755    
  0.6598065       1.357263       2.539226    
  0.6774450       1.347391       2.544245    
  0.6952322       1.337849       2.548802    
  0.7131259       1.328663       2.552883    
  0.7310839       1.319857       2.556478    
  0.7490638       1.311456       2.559578    
  0.7670230       1.303484       2.562172    
  0.7849191       1.295963       2.564253    
  0.8027098       1.288916       2.565814    
  0.8203530       1.282363       2.566848    
  0.8378072       1.276325       2.567349    
  0.8550312       1.270820       2.567314    
  0.8719842       1.265865       2.566738    
  0.8886265       1.261478       2.565620    
  0.9049188       1.257673       2.563959    
  0.9208228       1.254464       2.561753    
  0.9363012       1.251864       2.559003    
  0.9513177       1.249884       2.555712    
  0.9658372       1.248534       2.551882    
  0.9798258       1.247823       2.547518    
  0.9932510       1.247756       2.542624    
   1.006081       1.248340       2.537205    
   1.018288       1.249579       2.531271    
   1.029842       1.251475       2.524828    
   1.040717       1.254028       2.517886    
   1.050888       1.257238       2.510455    
   1.060332       1.261103       2.502546    
   1.069029       1.265619       2.494172    
   1.076958       1.270780       2.485347    
   1.084103       1.276579       2.476083    
   1.090447       1.283008       2.466398    
   1.095977       1.290057       2.456305    
   1.100683       1.297714       2.445824    
   1.104553       1.305966       2.434971    
   1.107582       1.314798       2.423765    
   1.109764       1.324193       2.412226    
   1.111096       1.334135       2.400375    
   1.111577       1.344605       2.388231    
   1.111208       1.355581       2.375818    
   1.109993       1.367043       2.363157    
   1.107936       1.378967       2.350271    
   1.105046       1.391329       2.337183    
   1.101333       1.404103       2.323919    
   1.096807       1.417264       2.310503    
   1.091483       1.430782       2.296959    
   1.085377       1.444630       2.283313    
   1.078506       1.458778       2.269590    
   1.070889       1.473196       2.255817    
   1.062549       1.487851       2.242021    
   1.053509       1.502712       2.228226    
   1.043794       1.517746       2.214461    
   1.033430       1.532919       2.200751    
   1.022447       1.548198       2.187123    
   1.010873       1.563547       2.173603    
  0.9987412       1.578933       2.160219    
  0.9860836       1.594319       2.146997    
  0.9729345       1.609670       2.133962    
  0.9593295       1.624952       2.121141    
  0.9453049       1.640127       2.108559    
  0.9308985       1.655161       2.096242    
  0.9161488       1.670018       2.084214    
  0.9010952       1.684663       2.072500    
  0.8857778       1.699060       2.061123    
  0.8702375       1.713175       2.050107    
  0.8545156       1.726974       2.039474    
  0.8386539       1.740422       2.029246    
  0.8226945       1.753487       2.019444    
  0.8066799       1.766137       2.010090    
  0.7906524       1.778339       2.001201    
  0.7746546       1.790064       1.992798    
  0.7587287       1.801279       1.984898    
  0.7429171       1.811958       1.977518    
  0.7272615       1.822072       1.970674    
  0.7118034       1.831594       1.964380    
  0.6965836       1.840499       1.958651    
  0.6816424       1.848763       1.953500    
  0.6670192       1.856362       1.948937    
  0.6527528       1.863276       1.944973    
  0.6388808       1.869483       1.941618    
  0.6254398       1.874966       1.938880    
  0.6124653       1.879708       1.936765    
  0.5999917       1.883693       1.935280    
  0.5880517       1.886908       1.934428    
  0.5766771       1.889340       1.934212    
  0.5658977       1.890979       1.934636    
  0.5557420       1.891817       1.935697    
  0.5462369       1.891847       1.937397    
  0.5374073       1.891063       1.939734    
  0.5292765       1.889464       1.942702    
  0.5218661       1.887048       1.946298    
  0.5151954       1.883815       1.950517    
  0.5092820       1.879767       1.955350    
  0.5041414       1.874910       1.960788    
  0.4997871       1.869249       1.966823    
  0.4962305       1.862793       1.973443    
  0.4934807       1.855552       1.980636    
  0.4915450       1.847537       1.988388    
  0.4904281       1.838762       1.996685    
  0.4901328       1.829242       2.005510    
  0.4906596       1.818996       2.014847    
  0.4920067       1.808041       2.024677    
  0.4941704       1.796398       2.034982    
  0.4971443       1.784091       2.045741    
  0.5009203       1.771142       2.056934    
  0.5054878       1.757577       2.068537    
  0.5108342       1.743424       2.080528    
  0.5169448       1.728711       2.092884    
  0.5238026       1.713468       2.105579    
  0.5313888       1.697726       2.118588    
  0.5396824       1.681517       2.131886    
  0.5486608       1.664877       2.145444    
  0.5582989       1.647838       2.159236    
  0.5685704       1.630438       2.173234    
  0.5794469       1.612714       2.187410    
  0.5908982       1.594702       2.201735    
  0.6028927       1.576443       2.216179    
  0.6153972       1.557974       2.230714    
  0.6283770       1.539337       2.245309    
  0.6417961       1.520572       2.259934    
  0.6556169       1.501719       2.274560    
  0.6698011       1.482820       2.289156    
  0.6843090       1.463917       2.303693    
  0.6990999       1.445052       2.318140    
  0.7141323       1.426266       2.332467    
  0.7293640       1.407602       2.346645    
  0.7447519       1.389100       2.360644    
  0.7602525       1.370803       2.374436    
  0.7758217       1.352752       2.387992    
  0.7914154       1.334987       2.401283    
  0.8069889       1.317549       2.414281    
  0.8224975       1.300478       2.426960    
  0.8378967       1.283812       2.439293    
  0.8531418       1.267590       2.451254    
  0.8681887       1.251849       2.462818    
  0.8829933       1.236625       2.473960    
  0.8975122       1.221954       2.484658    
  0.9117026       1.207869       2.494889    
  0.9255222       1.194404       2.504630    
  0.9389298       1.181590       2.513862    
  0.9518849       1.169458       2.522565    
  0.9643483       1.158035       2.530720    
  0.9762815       1.147350       2.538311    
  0.9876476       1.137428       2.545320    
  0.9984110       1.128292       2.551733    
   1.008537       1.119965       2.557537    
   1.017994       1.112468       2.562718    
   1.026750       1.105818       2.567266    
   1.034777       1.100033       2.571171    
   1.042045       1.095127       2.574424    
   1.048531       1.091113       2.577017    
   1.054209       1.088002       2.578947    
   1.059059       1.085801       2.580207    
   1.063061       1.084519       2.580795    
   1.066197       1.084159       2.580710    
   1.068452       1.084723       2.579951    
   1.069814       1.086213       2.578520    
   1.070270       1.088625       2.576419    
   1.069813       1.091956       2.573652    
   1.068438       1.096200       2.570226    
   1.066139       1.101349       2.566147    
   1.062916       1.107391       2.561423    
   1.058770       1.114315       2.556063    
   1.053705       1.122106       2.550080    
   1.047726       1.130747       2.543486    
   1.040841       1.140220       2.536293    
   1.033063       1.150503       2.528517    
   1.024403       1.161575       2.520175    
   1.014878       1.173411       2.511283    
   1.004505       1.185984       2.501860    
  0.9933050       1.199267       2.491925    
  0.9812996       1.213230       2.481500    
  0.9685137       1.227840       2.470606    
  0.9549743       1.243066       2.459266    
  0.9407102       1.258872       2.447504    
  0.9257524       1.275222       2.435344    
  0.9101338       1.292080       2.422811    
  0.8938893       1.309405       2.409932    
  0.8770555       1.327160       2.396734    
  0.8596708       1.345301       2.383244    
  0.8417752       1.363788       2.369491    
  0.8234102       1.382578       2.355503    
  0.8046189       1.401626       2.341310    
  0.7854456       1.420889       2.326941    
  0.7659359       1.440321       2.312427    
  0.7461365       1.459877       2.297797    
  0.7260953       1.479510       2.283082    
  0.7058609       1.499175       2.268313    
  0.6854826       1.518825       2.253521    
  0.6650106       1.538413       2.238736    
  0.6444956       1.557893       2.223989    
  0.6239886       1.577219       2.209311    
  0.6035411       1.596343       2.194732    
  0.5832044       1.615222       2.180282    
  0.5630304       1.633808       2.165992    
  0.5430703       1.652057       2.151890    
  0.5233755       1.669925       2.138006    
  0.5039968       1.687370       2.124369    
  0.4849847       1.704347       2.111005    
  0.4663891       1.720817       2.097944    
  0.4482590       1.736737       2.085210    
  0.4306427       1.752070       2.072831    
  0.4135875       1.766778       2.060831    
  0.3971394       1.780822       2.049234    
  0.3813435       1.794170       2.038064    
  0.3662433       1.806786       2.027343    
  0.3518809       1.818640       2.017092    
  0.3382971       1.829701       2.007332    
  0.3255306       1.839940       1.998082    
  0.3136185       1.849330       1.989359    
  0.3025962       1.857849       1.981181    
  0.2924969       1.865471       1.973562    
  0.2833518       1.872178       1.966518    
  0.2751901       1.877950       1.960062    
  0.2680384       1.882771       1.954204    
  0.2619214       1.886627       1.948955    
  0.2568612       1.889506       1.944325    
  0.2528774       1.891398       1.940321    
  0.2499874       1.892296       1.936948    
  0.2482058       1.892195       1.934213    
  0.2475445       1.891092       1.932118    
  0.2480130       1.888987       1.930665    
  0.2496179       1.885882       1.929854    
  0.2523634       1.881781       1.929686    
  0.2562505       1.876691       1.930156    
  0.2612780       1.870621       1.931263    
  0.2674415       1.863583       1.932999    
  0.2747340       1.855590       1.935360    
  0.2831457       1.846658       1.938336    
  0.2926643       1.836805       1.941919    
  0.3032744       1.826053       1.946098    
  0.3149582       1.814423       1.950861    
  0.3276950       1.801941       1.956195    
  0.3414617       1.788634       1.962084    
  0.3562324       1.774529       1.968515    
  0.3719788       1.759660       1.975469    
  0.3886700       1.744057       1.982929    
  0.4062729       1.727756       1.990876    
  0.4247519       1.710793       1.999289    
  0.4440691       1.693206       2.008147    
  0.4641846       1.675035       2.017429    
  0.4850560       1.656321       2.027112    
  0.5066394       1.637106       2.037170    
  0.5288886       1.617434       2.047581    
  0.5517559       1.597351       2.058318    
  0.5751916       1.576902       2.069356    
  0.5991446       1.556134       2.080667    
  0.6235623       1.535096       2.092226    
  0.6483908       1.513836       2.104004    
  0.6735747       1.492404       2.115974    
  0.6990578       1.470850       2.128106    
  0.7247829       1.449224       2.140372    
  0.7506918       1.427577       2.152744    
  0.7767256       1.405960       2.165192    
  0.8028252       1.384425       2.177687    
  0.8289305       1.363021       2.190201    
  0.8549815       1.341801       2.202703    
  0.8809181       1.320815       2.215166    
  0.9066799       1.300113       2.227561    
  0.9322069       1.279745       2.239858    
  0.9574392       1.259760       2.252030    
  0.9823176       1.240206       2.264050    
   1.006783       1.221132       2.275889    
   1.030778       1.202582       2.287522    
   1.054244       1.184604       2.298921    
   1.077127       1.167241       2.310063    
   1.099369       1.150536       2.320921    
   1.120919       1.134531       2.331471    
   1.141723       1.119266       2.341692    
   1.161730       1.104780       2.351559    
   1.180891       1.091108       2.361053    
   1.199159       1.078287       2.370151    
   1.216488       1.066350       2.378836    
   1.232835       1.055327       2.387088    
   1.248157       1.045248       2.394891    
   1.262417       1.036139       2.402228    
   1.275576       1.028027       2.409085    
   1.287601       1.020933       2.415447    
   1.298459       1.014878       2.421304    
   1.308122       1.009879       2.426642    
   1.316562       1.005953       2.431453    
   1.323755       1.003113       2.435728    
   1.329681       1.001369       2.439460    
   1.334321       1.000730       2.442643    
   1.337660       1.001201       2.445273    
   1.339685       1.002786       2.447347    
   1.340387       1.005484       2.448863    
   1.339759       1.009295       2.449821    
   1.337799       1.014213       2.450222    
   1.334506       1.020232       2.450069    
   1.329884       1.027341       2.449365    
   1.323937       1.035529       2.448117    
   1.316675       1.044780       2.446330    
   1.308111       1.055078       2.444013    
   1.298259       1.066403       2.441175    
   1.287138       1.078733       2.437827    
   1.274768       1.092043       2.433981    
   1.261175       1.106306       2.429649    
   1.246385       1.121494       2.424846    
   1.230429       1.137575       2.419588    
   1.213338       1.154516       2.413892    
   1.195148       1.172281       2.407774    
   1.175899       1.190833       2.401253    
   1.155629       1.210133       2.394351    
   1.134382       1.230140       2.387086    
   1.112205       1.250810       2.379481    
   1.089144       1.272099       2.371559    
   1.065250       1.293961       2.363341    
   1.040574       1.316350       2.354853    
   1.015171       1.339215       2.346119    
  0.9890971       1.362507       2.337165    
  0.9624091       1.386176       2.328015    
  0.9351664       1.410168       2.318696    
  0.9074295       1.434432       2.309236    
  0.8792604       1.458913       2.299660    
  0.8507220       1.483557       2.289996    
  0.8218783       1.508311       2.280272    
  0.7927944       1.533117       2.270516    
  0.7635359       1.557922       2.260754    
  0.7341689       1.582670       2.251016    
  0.7047603       1.607305       2.241327    
  0.6753767       1.631773       2.231717    
  0.6460852       1.656017       2.222212    
  0.6169528       1.679984       2.212839    
  0.5880464       1.703620       2.203625    
  0.5594321       1.726870       2.194597    
  0.5311761       1.749683       2.185780    
  0.5033435       1.772007       2.177199    
  0.4759987       1.793791       2.168879    
  0.4492051       1.814986       2.160845    
  0.4230251       1.835542       2.153119    
  0.3975198       1.855414       2.145724    
  0.3727486       1.874556       2.138681    
  0.3487699       1.892924       2.132013    
  0.3256398       1.910476       2.125737    
  0.3034131       1.927172       2.119874    
  0.2821423       1.942972       2.114440    
  0.2618780       1.957841       2.109453    
  0.2426685       1.971745       2.104928    
  0.2245598       1.984650       2.100880    
  0.2075954       1.996528       2.097321    
  0.1918166       2.007350       2.094264    
  0.1772616       2.017091       2.091719    
  0.1639661       2.025728       2.089695    
  0.1519631       2.033240       2.088201    
  0.1412825       2.039611       2.087242    
  0.1319513       2.044825       2.086825    
  0.1239935       2.048868       2.086952    
  0.1174300       2.051732       2.087626    
  0.1122784       2.053408       2.088849    
  0.1085534       2.053893       2.090619    
  0.1062661       2.053184       2.092935    
  0.1054247       2.051282       2.095794    
  0.1060338       2.048192       2.099190    
  0.1080948       2.043918       2.103118    
  0.1116059       2.038471       2.107569    
  0.1165619       2.031863       2.112536    
  0.1229542       2.024107       2.118007    
  0.1307711       2.015221       2.123971    
  0.1399973       2.005224       2.130414    
  0.1506148       1.994139       2.137324    
  0.1626018       1.981991       2.144683    
  0.1759338       1.968807       2.152476    
  0.1905829       1.954616       2.160684    
  0.2065184       1.939451       2.169288    
  0.2237064       1.923347       2.178267    
  0.2421103       1.906338       2.187602    
  0.2616906       1.888465       2.197268    
  0.2824050       1.869768       2.207244    
  0.3042087       1.850289       2.217504    
  0.3270541       1.830072       2.228024    
  0.3508916       1.809165       2.238778    
  0.3756690       1.787614       2.249739    
  0.4013318       1.765469       2.260880    
  0.4278238       1.742781       2.272175    
  0.4550865       1.719602       2.283593    
  0.4830598       1.695984       2.295106    
  0.5116817       1.671983       2.306686    
  0.5408891       1.647653       2.318302    
  0.5706170       1.623050       2.329926    
  0.6007994       1.598231       2.341526    
  0.6313694       1.573253       2.353074    
  0.6622589       1.548173       2.364538    
  0.6933990       1.523050       2.375890    
  0.7247203       1.497942       2.387098    
  0.7561530       1.472906       2.398134    
  0.7876270       1.448000       2.408967    
  0.8190718       1.423282       2.419569    
  0.8504173       1.398810       2.429911    
  0.8815933       1.374639       2.439965    
  0.9125301       1.350826       2.449703    
  0.9431585       1.327426       2.459098    
  0.9734100       1.304493       2.468124    
   1.003217       1.282081       2.476754    
   1.032512       1.260242       2.484965    
   1.061230       1.239026       2.492732    
   1.089308       1.218483       2.500032    
   1.116681       1.198661       2.506843    
   1.143288       1.179605       2.513145    
   1.169071       1.161361       2.518918    
   1.193971       1.143970       2.524142    
   1.217933       1.127474       2.528800    
   1.240903       1.111910       2.532878    
   1.262831       1.097316       2.536358    
   1.283666       1.083725       2.539229    
   1.303364       1.071170       2.541477    
   1.321879       1.059679       2.543093    
   1.339171       1.049280       2.544067    
   1.355202       1.039997       2.544391    
   1.369936       1.031851       2.544060    
   1.383341       1.024863       2.543068    
   1.395387       1.019048       2.541412    
   1.406048       1.014421       2.539091    
   1.415301       1.010992       2.536105    
   1.423126       1.008770       2.532455    
   1.429507       1.007760       2.528144    
   1.434429       1.007964       2.523178    
   1.437883       1.009382       2.517563    
   1.439863       1.012012       2.511306    
   1.440364       1.015847       2.504416    
   1.439388       1.020878       2.496907    
   1.436937       1.027094       2.488788    
   1.433018       1.034480       2.480075    
   1.427642       1.043020       2.470783    
   1.420823       1.052693       2.460929    
   1.412576       1.063477       2.450532    
   1.402921       1.075347       2.439610    
   1.391883       1.088274       2.428186    
   1.379488       1.102230       2.416282    
   1.365764       1.117181       2.403921    
   1.350745       1.133092       2.391128    
   1.334466       1.149925       2.377929    
   1.316965       1.167642       2.364351    
   1.298284       1.186201       2.350421    
   1.278465       1.205559       2.336170    
   1.257556       1.225669       2.321628    
   1.235604       1.246484       2.306823    
   1.212661       1.267955       2.291790    
   1.188781       1.290033       2.276559    
   1.164018       1.312664       2.261163    
   1.138430       1.335795       2.245636    
   1.112076       1.359371       2.230011    
   1.085016       1.383338       2.214324    
   1.057314       1.407638       2.198609    
   1.029033       1.432213       2.182899    
   1.000237       1.457006       2.167232    
  0.9709931       1.481958       2.151641    
  0.9413680       1.507008       2.136161    
  0.9114295       1.532099       2.120828    
  0.8812459       1.557169       2.105677    
  0.8508860       1.582160       2.090742    
  0.8204190       1.607012       2.076058    
  0.7899140       1.631665       2.061658    
  0.7594404       1.656061       2.047575    
  0.7290670       1.680140       2.033844    
  0.6988626       1.703847       2.020495    
  0.6688952       1.727123       2.007561    
  0.6392323       1.749912       1.995072    
  0.6099406       1.772161       1.983058    
  0.5810856       1.793814       1.971548    
  0.5527318       1.814820       1.960570    
  0.5249423       1.835128       1.950151    
  0.4977789       1.854689       1.940317    
  0.4713018       1.873455       1.931091    
  0.4455693       1.891380       1.922498    
  0.4206380       1.908420       1.914559    
  0.3965624       1.924534       1.907296    
  0.3733950       1.939682       1.900726    
  0.3511860       1.953826       1.894868    
  0.3299832       1.966930       1.889737    
  0.3098320       1.978963       1.885350    
  0.2907751       1.989894       1.881718    
  0.2728527       1.999694       1.878853    
  0.2561022       2.008339       1.876764    
  0.2405581       2.015805       1.875461    
  0.2262520       2.022074       1.874948    
  0.2132125       2.027128       1.875231    
  0.2014651       2.030952       1.876312    
  0.1910323       2.033536       1.878192    
  0.1819333       2.034870       1.880872    
  0.1741843       2.034950       1.884347    
  0.1677981       2.033771       1.888614    
  0.1627842       2.031335       1.893667    
  0.1591490       2.027644       1.899498    
  0.1568954       2.022704       1.906097    
  0.1560233       2.016525       1.913454    
  0.1565289       2.009118       1.921554    
  0.1584056       2.000497       1.930383    
  0.1616431       1.990681       1.939925    
  0.1662283       1.979689       1.950162    
  0.1721446       1.967545       1.961074    
  0.1793724       1.954273       1.972640    
  0.1878889       1.939903       1.984836    
  0.1976685       1.924466       1.997640    
  0.2086825       1.907995       2.011024    
  0.2208992       1.890525       2.024962    
  0.2342843       1.872095       2.039427    
  0.2488007       1.852745       2.054387    
  0.2644086       1.832519       2.069813    
  0.2810659       1.811460       2.085671    
  0.2987277       1.789616       2.101931    
  0.3173473       1.767034       2.118556    
  0.3368753       1.743766       2.135513    
  0.3572606       1.719863       2.152766    
  0.3784500       1.695378       2.170278    
  0.4003885       1.670367       2.188012    
  0.4230194       1.644886       2.205930    
  0.4462847       1.618991       2.223993    
  0.4701247       1.592741       2.242164    
  0.4944786       1.566195       2.260402    
  0.5192844       1.539412       2.278669    
  0.5444794       1.512455       2.296925    
  0.5700000       1.485382       2.315130    
  0.5957818       1.458256       2.333244    
  0.6217601       1.431137       2.351228    
  0.6478699       1.404088       2.369043    
  0.6740460       1.377169       2.386649    
  0.7002231       1.350442       2.404007    
  0.7263363       1.323967       2.421079    
  0.7523207       1.297804       2.437827    
  0.7781122       1.272013       2.454214    
  0.8036471       1.246652       2.470202    
  0.8288626       1.221780       2.485758    
  0.8536968       1.197452       2.500844    
  0.8780890       1.173724       2.515427    
  0.9019794       1.150651       2.529474    
  0.9253101       1.128284       2.542954    
  0.9480242       1.106674       2.555835    
  0.9700668       1.085872       2.568087    
  0.9913847       1.065924       2.579682    
   1.011927       1.046877       2.590594    
   1.031643       1.028772       2.600796    
   1.050488       1.011653       2.610265    
   1.068415      0.9955572       2.618979    
   1.085382      0.9805225       2.626915    
   1.101350      0.9665828       2.634055    
   1.116280      0.9537702       2.640381    
   1.130139      0.9421139       2.645877    
   1.142894      0.9316407       2.650529    
   1.154516      0.9223745       2.654325    
   1.164979      0.9143365       2.657255    
   1.174259      0.9075452       2.659308    
   1.182336      0.9020162       2.660479    
   1.189193      0.8977621       2.660763    
   1.194816      0.8947927       2.660157    
   1.199193      0.8931150       2.658659    
   1.202316      0.8927327       2.656270    
   1.204181      0.8936470       2.652994    
   1.204786      0.8958555       2.648834    
   1.204133      0.8993536       2.643798    
   1.202226      0.9041332       2.637894    
   1.199074      0.9101834       2.631132    
   1.194686      0.9174904       2.623525    
   1.189078      0.9260377       2.615086    
   1.182266      0.9358058       2.605831    
   1.174271      0.9467723       2.595779    
   1.165115      0.9589124       2.584948    
   1.154825      0.9721983       2.573360    
   1.143429      0.9865997       2.561037    
   1.130958       1.002084       2.548004    
   1.117448       1.018615       2.534288    
   1.102935       1.036156       2.519914    
   1.087458       1.054667       2.504913    
   1.071059       1.074106       2.489315    
   1.053782       1.094427       2.473151    
   1.035672       1.115585       2.456454    
   1.016779       1.137532       2.439259    
  0.9971526       1.160217       2.421600    
  0.9768443       1.183589       2.403514    
  0.9559081       1.207595       2.385038    
  0.9343990       1.232180       2.366211    
  0.9123738       1.257287       2.347070    
  0.8898903       1.282861       2.327657    
  0.8670074       1.308842       2.308010    
  0.8437853       1.335172       2.288172    
  0.8202846       1.361790       2.268182    
  0.7965668       1.388637       2.248083    
  0.7726941       1.415651       2.227917    
  0.7487286       1.442771       2.207726    
  0.7247329       1.469935       2.187552    
  0.7007698       1.497082       2.167437    
  0.6769018       1.524150       2.147424    
  0.6531910       1.551078       2.127554    
  0.6296993       1.577806       2.107869    
  0.6064882       1.604271       2.088410    
  0.5836180       1.630416       2.069219    
  0.5611486       1.656181       2.050335    
  0.5391386       1.681507       2.031799    
  0.5176456       1.706337       2.013649    
  0.4967258       1.730617       1.995923    
  0.4764339       1.754291       1.978660    
  0.4568231       1.777306       1.961894    
  0.4379451       1.799611       1.945663    
  0.4198493       1.821156       1.929999    
  0.4025835       1.841892       1.914937    
  0.3861932       1.861775       1.900507    
  0.3707219       1.880758       1.886741    
  0.3562106       1.898801       1.873667    
  0.3426980       1.915864       1.861313    
  0.3302204       1.931909       1.849705    
  0.3188112       1.946900       1.838868    
  0.3085014       1.960806       1.828825    
  0.2993192       1.973596       1.819596    
  0.2912898       1.985243       1.811202    
  0.2844357       1.995722       1.803660    
  0.2787765       2.005010       1.796987    
  0.2743285       2.013089       1.791195    
  0.2711052       2.019942       1.786299    
  0.2691171       2.025555       1.782307    
  0.2683714       2.029917       1.779229    
  0.2688724       2.033021       1.777071    
  0.2706209       2.034862       1.775838    
  0.2736150       2.035437       1.775532    
  0.2778495       2.034749       1.776155    
  0.2833160       2.032799       1.777704    
  0.2900031       2.029596       1.780178    
  0.2978963       2.025150       1.783570    
  0.3069781       2.019472       1.787874    
  0.3172279       2.012578       1.793081    
  0.3286223       2.004487       1.799180    
  0.3411348       1.995219       1.806158    
  0.3547365       1.984799       1.814000    
  0.3693953       1.973252       1.822692    
  0.3850766       1.960609       1.832213    
  0.4017431       1.946900       1.842545    
  0.4193554       1.932159       1.853666    
  0.4378711       1.916423       1.865553    
  0.4572459       1.899730       1.878182    
  0.4774333       1.882123       1.891525    
  0.4983845       1.863642       1.905556    
  0.5200489       1.844334       1.920244    
  0.5423740       1.824245       1.935561    
  0.5653057       1.803424       1.951473    
  0.5887881       1.781922       1.967949    
  0.6127641       1.759789       1.984954    
  0.6371753       1.737080       2.002453    
  0.6619619       1.713849       2.020409    
  0.6870632       1.690152       2.038786    
  0.7124178       1.666046       2.057547    
  0.7379634       1.641588       2.076652    
  0.7636371       1.616838       2.096062    
  0.7893759       1.591853       2.115738    
  0.8151162       1.566694       2.135639    
  0.8407944       1.541421       2.155725    
  0.8663472       1.516093       2.175955    
  0.8917112       1.490772       2.196288    
  0.9168235       1.465518       2.216681    
  0.9416218       1.440390       2.237095    
  0.9660444       1.415449       2.257488    
  0.9900303       1.390753       2.277819    
   1.013520       1.366361       2.298046    
   1.036454       1.342331       2.318130    
   1.058776       1.318720       2.338030    
   1.080429       1.295584       2.357707    
   1.101359       1.272977       2.377121    
   1.121512       1.250954       2.396234    
   1.140839       1.229566       2.415008    
   1.159290       1.208864       2.433407    
   1.176818       1.188896       2.451395    
   1.193378       1.169711       2.468936    
   1.208928       1.151352       2.485996    
   1.223428       1.133865       2.502544    
   1.236839       1.117289       2.518547    
   1.249128       1.101664       2.533974    
   1.260262       1.087028       2.548797    
   1.270211       1.073413       2.562989    
   1.278949       1.060853       2.576522    
   1.286452       1.049378       2.589372    
   1.292699       1.039014       2.601516    
   1.297672       1.029785       2.612932    
   1.301357       1.021714       2.623600    
   1.303742       1.014820       2.633502    
   1.304819       1.009119       2.642620    
   1.304582       1.004624       2.650941    
   1.303029       1.001346       2.658450    
   1.300161      0.9992937       2.665137    
   1.295983      0.9984708       2.670991    
   1.290502      0.9988800       2.676005    
   1.283728       1.000520       2.680173    
   1.275676       1.003388       2.683491    
   1.266362       1.007477       2.685956    
   1.255805       1.012777       2.687568    
   1.244030       1.019277       2.688328    
   1.231063       1.026961       2.688239    
   1.216930       1.035812       2.687306    
   1.201666       1.045808       2.685536    
   1.185304       1.056928       2.682937    
   1.167881       1.069144       2.679520    
   1.149437       1.082430       2.675296    
   1.130014       1.096753       2.670279    
   1.109658       1.112082       2.664485    
   1.088415       1.128380       2.657929    
   1.066334       1.145609       2.650631    
   1.043468       1.163730       2.642610    
   1.019868       1.182700       2.633888    
  0.9955910       1.202477       2.624487    
  0.9706929       1.223013       2.614432    
  0.9452324       1.244261       2.603748    
  0.9192692       1.266173       2.592462    
  0.8928646       1.288697       2.580601    
  0.8660808       1.311782       2.568194    
  0.8389810       1.335374       2.555272    
  0.8116295       1.359418       2.541865    
  0.7840909       1.383859       2.528006    
  0.7564307       1.408640       2.513726    
  0.7287146       1.433705       2.499058    
  0.7010086       1.458995       2.484039    
  0.6733786       1.484452       2.468700    
  0.6458907       1.510018       2.453079    
  0.6186104       1.535633       2.437210    
  0.5916031       1.561238       2.421129    
  0.5649334       1.586775       2.404872    
  0.5386654       1.612184       2.388476    
  0.5128621       1.637407       2.371977    
  0.4875858       1.662387       2.355411    
  0.4628972       1.687065       2.338815    
  0.4388560       1.711386       2.322225    
  0.4155203       1.735292       2.305677    
  0.3929467       1.758730       2.289206    
  0.3711900       1.781646       2.272848    
  0.3503031       1.803987       2.256638    
  0.3303370       1.825701       2.240610    
  0.3113404       1.846740       2.224797    
  0.2933600       1.867056       2.209232    
  0.2764400       1.886601       2.193948    
  0.2606221       1.905332       2.178976    
  0.2459456       1.923205       2.164346    
  0.2324470       1.940180       2.150089    
  0.2201601       1.956219       2.136231    
  0.2091160       1.971284       2.122801    
  0.1993428       1.985343       2.109825    
  0.1908655       1.998362       2.097327    
  0.1837063       2.010313       2.085332    
  0.1778841       2.021168       2.073863    
  0.1734149       2.030904       2.062939    
  0.1703114       2.039498       2.052582    
  0.1685831       2.046931       2.042809    
  0.1682362       2.053187       2.033637    
  0.1692739       2.058252       2.025082    
  0.1716958       2.062115       2.017157    
  0.1754985       2.064768       2.009875    
  0.1806753       2.066205       2.003246    
  0.1872163       2.066424       1.997280    
  0.1951082       2.065424       1.991985    
  0.2043347       2.063209       1.987365    
  0.2148763       2.059783       1.983427    
  0.2267105       2.055156       1.980172    
  0.2398115       2.049339       1.977601    
  0.2541507       2.042346       1.975715    
  0.2696965       2.034192       1.974511    
  0.2864146       2.024898       1.973986    
  0.3042677       2.014485       1.974134    
  0.3232160       2.002977       1.974949    
  0.3432169       1.990401       1.976422    
  0.3642255       1.976786       1.978544    
  0.3861945       1.962163       1.981304    
  0.4090742       1.946568       1.984689    
  0.4328127       1.930034       1.988686    
  0.4573563       1.912601       1.993277    
  0.4826492       1.894308       1.998448    
  0.5086338       1.875198       2.004181    
  0.5352509       1.855314       2.010455    
  0.5624398       1.834701       2.017251    
  0.5901384       1.813407       2.024548    
  0.6182833       1.791479       2.032322    
  0.6468102       1.768969       2.040551    
  0.6756538       1.745927       2.049210    
  0.7047478       1.722405       2.058274    
  0.7340257       1.698457       2.067717    
  0.7634201       1.674136       2.077512    
  0.7928636       1.649499       2.087631    
  0.8222885       1.624599       2.098047    
  0.8516272       1.599494       2.108731    
  0.8808121       1.574240       2.119654    
  0.9097761       1.548893       2.130786    
  0.9384525       1.523510       2.142098    
  0.9667752       1.498148       2.153560    
  0.9946790       1.472864       2.165141    
   1.022099       1.447714       2.176811    
   1.048973       1.422753       2.188540    
   1.075239       1.398038       2.200298    
   1.100835       1.373622       2.212054    
   1.125703       1.349560       2.223778    
   1.149786       1.325905       2.235441    
   1.173026       1.302709       2.247014    
   1.195372       1.280022       2.258466    
   1.216771       1.257894       2.269771    
   1.237174       1.236373       2.280899    
   1.256533       1.215505       2.291824    
   1.274803       1.195337       2.302518    
   1.291943       1.175910       2.312956    
   1.307912       1.157267       2.323113    
   1.322673       1.139447       2.332964    
   1.336192       1.122489       2.342486    
   1.348438       1.106427       2.351656    
   1.359382       1.091295       2.360453    
   1.368997       1.077124       2.368855    
   1.377263       1.063943       2.376845    
   1.384158       1.051780       2.384403    
   1.389668       1.040658       2.391513    
   1.393778       1.030599       2.398159    
   1.396479       1.021622       2.404326    
   1.397763       1.013744       2.410000    
   1.397628       1.006980       2.415171    
   1.396073       1.001340       2.419826    
   1.393101      0.9968347       2.423957    
   1.388718      0.9934694       2.427556    
   1.382934      0.9912481       2.430616    
   1.375760      0.9901719       2.433132    
   1.367213      0.9902392       2.435100    
   1.357312      0.9914458       2.436517    
   1.346078      0.9937848       2.437384    
   1.333537      0.9972470       2.437699    
   1.319715       1.001820       2.437465    
   1.304644       1.007490       2.436685    
   1.288357       1.014239       2.435364    
   1.270891       1.022049       2.433507    
   1.252285       1.030897       2.431122    
   1.232579       1.040759       2.428216    
   1.211819       1.051608       2.424801    
   1.190049       1.063417       2.420886    
   1.167319       1.076154       2.416485    
   1.143679       1.089785       2.411610    
   1.119182       1.104277       2.406276    
   1.093882       1.119593       2.400500    
   1.067836       1.135694       2.394298    
   1.041101       1.152539       2.387687    
   1.013737       1.170087       2.380687    
  0.9858051       1.188294       2.373317    
  0.9573662       1.207116       2.365597    
  0.9284837       1.226506       2.357550    
  0.8992214       1.246417       2.349198    
  0.8696441       1.266800       2.340562    
  0.8398170       1.287607       2.331668    
  0.8098058       1.308786       2.322539    
  0.7796766       1.330288       2.313199    
  0.7494954       1.352059       2.303674    
  0.7193287       1.374049       2.293990    
  0.6892424       1.396205       2.284171    
  0.6593022       1.418474       2.274246    
  0.6295734       1.440804       2.264238    
  0.6001208       1.463141       2.254176    
  0.5710084       1.485433       2.244086    
  0.5422991       1.507627       2.233994    
  0.5140550       1.529673       2.223927    
  0.4863370       1.551517       2.213911    
  0.4592046       1.573109       2.203972    
  0.4327158       1.594399       2.194136    
  0.4069273       1.615338       2.184430    
  0.3818938       1.635877       2.174877    
  0.3576682       1.655969       2.165504    
  0.3343016       1.675568       2.156334    
  0.3118430       1.694628       2.147390    
  0.2903392       1.713107       2.138697    
  0.2698346       1.730962       2.130276    
  0.2503715       1.748153       2.122150    
  0.2319896       1.764642       2.114338    
  0.2147260       1.780390       2.106862    
  0.1986152       1.795364       2.099740    
  0.1836891       1.809530       2.092991    
  0.1699769       1.822856       2.086632    
  0.1575046       1.835313       2.080679    
  0.1462957       1.846874       2.075147    
  0.1363707       1.857515       2.070051    
  0.1277471       1.867212       2.065404    
  0.1204393       1.875946       2.061217    
  0.1144588       1.883697       2.057502    
  0.1098141       1.890451       2.054267    
  0.1065106       1.896194       2.051522    
  0.1045507       1.900914       2.049272    
  0.1039335       1.904604       2.047524    
  0.1046555       1.907258       2.046282    
  0.1067098       1.908871       2.045550    
  0.1100868       1.909442       2.045330    
  0.1147736       1.908973       2.045621    
  0.1207547       1.907467       2.046424    
  0.1280116       1.904932       2.047736    
  0.1365229       1.901374       2.049554    
  0.1462646       1.896805       2.051875    
  0.1572098       1.891238       2.054691    
  0.1693291       1.884689       2.057996    
  0.1825906       1.877176       2.061782    
  0.1969597       1.868719       2.066039    
  0.2123998       1.859339       2.070757    
  0.2288715       1.849062       2.075924    
  0.2463337       1.837913       2.081527    
  0.2647429       1.825922       2.087552    
  0.2840538       1.813117       2.093984    
  0.3042191       1.799533       2.100807    
  0.3251899       1.785201       2.108004    
  0.3469155       1.770158       2.115556    
  0.3693439       1.754441       2.123446    
  0.3924216       1.738089       2.131654    
  0.4160938       1.721142       2.140158    
  0.4403048       1.703640       2.148938    
  0.4649976       1.685627       2.157972    
  0.4901147       1.667145       2.167237    
  0.5155976       1.648241       2.176710    
  0.5413876       1.628958       2.186368    
  0.5674251       1.609344       2.196186    
  0.5936507       1.589446       2.206139    
  0.6200045       1.569310       2.216203    
  0.6464267       1.548985       2.226353    
  0.6728578       1.528520       2.236564    
  0.6992383       1.507962       2.246809    
  0.7255094       1.487360       2.257062    
  0.7516127       1.466763       2.267300    
  0.7774904       1.446220       2.277494    
  0.8030858       1.425778       2.287621    
  0.8283429       1.405486       2.297654    
  0.8532069       1.385391       2.307569    
  0.8776241       1.365540       2.317340    
  0.9015422       1.345979       2.326942    
  0.9249105       1.326753       2.336352    
  0.9476795       1.307908       2.345546    
  0.9698016       1.289486       2.354500    
  0.9912310       1.271530       2.363192    
   1.011924       1.254081       2.371599    
   1.031838       1.237180       2.379701    
   1.050933       1.220866       2.387475    
   1.069172       1.205174       2.394904    
   1.086519       1.190141       2.401967    
   1.102940       1.175802       2.408646    
   1.118405       1.162187       2.414924    
   1.132885       1.149329       2.420784    
   1.146355       1.137256       2.426211    
   1.158790       1.125994       2.431191    
   1.170170       1.115569       2.435711    
   1.180476       1.106004       2.439758    
   1.189694       1.097320       2.443321    
   1.197809       1.089535       2.446391    
   1.204812       1.082666       2.448958    
   1.210695       1.076728       2.451016    
   1.215454       1.071733       2.452557    
   1.219086       1.067692       2.453577    
   1.221591       1.064612       2.454072    
   1.222973       1.062499       2.454040    
   1.223239       1.061357       2.453479    
   1.222395       1.061186       2.452389    
   1.220454       1.061986       2.450771    
   1.217430       1.063754       2.448629    
   1.213337       1.066484       2.445965    
   1.208196       1.070169       2.442785    
   1.202027       1.074798       2.439095    
   1.194854       1.080360       2.434902    
   1.186702       1.086841       2.430216    
   1.177599       1.094224       2.425046    
   1.167575       1.102491       2.419404    
   1.156662       1.111623       2.413301    
   1.144895       1.121597       2.406750    
   1.132308       1.132389       2.399767    
   1.118940       1.143974       2.392367    
   1.104830       1.156324       2.384566    
   1.090019       1.169410       2.376382    
   1.074548       1.183200       2.367833    
   1.058463       1.197664       2.358939    
   1.041806       1.212767       2.349719    
   1.024625       1.228474       2.340195    
   1.006965       1.244748       2.330388    
  0.9888759       1.261553       2.320321    
  0.9704048       1.278850       2.310017    
  0.9516012       1.296598       2.299499    
  0.9325147       1.314758       2.288792    
  0.9131953       1.333288       2.277921    
  0.8936931       1.352146       2.266911    
  0.8740586       1.371289       2.255787    
  0.8543421       1.390674       2.244576    
  0.8345938       1.410258       2.233302    
  0.8148636       1.429997       2.221994    
  0.7952011       1.449846       2.210677    
  0.7756555       1.469762       2.199377    
  0.7562751       1.489700       2.188122    
  0.7371078       1.509616       2.176938    
  0.7182003       1.529466       2.165851    
  0.6995987       1.549207       2.154887    
  0.6813478       1.568795       2.144074    
  0.6634912       1.588188       2.133436    
  0.6460714       1.607344       2.122999    
  0.6291294       1.626221       2.112787    
  0.6127048       1.644779       2.102827    
  0.5968354       1.662977       2.093141    
  0.5815578       1.680778       2.083753    
  0.5669063       1.698144       2.074686    
  0.5529140       1.715038       2.065962    
  0.5396116       1.731424       2.057603    
  0.5270281       1.747269       2.049629    
  0.5151904       1.762540       2.042060    
  0.5041234       1.777206       2.034915    
  0.4938499       1.791236       2.028213    
  0.4843904       1.804604       2.021971    
  0.4757633       1.817282       2.016203    
  0.4679847       1.829245       2.010927    
  0.4610684       1.840471       2.006156    
  0.4550259       1.850938       2.001903    
  0.4498665       1.860626       1.998179    
  0.4455971       1.869518       1.994996    
  0.4422222       1.877598       1.992362    
  0.4397441       1.884852       1.990287    
  0.4381626       1.891268       1.988778    
  0.4374754       1.896837       1.987840    
  0.4376777       1.901549       1.987478    
  0.4387625       1.905400       1.987695    
  0.4407206       1.908386       1.988494    
  0.4435406       1.910503       1.989876    
  0.4472089       1.911753       1.991839    
  0.4517097       1.912138       1.994383    
  0.4570251       1.911660       1.997504    
  0.4631355       1.910326       2.001199    
  0.4700190       1.908144       2.005461    
  0.4776519       1.905124       2.010284    
  0.4860087       1.901277       2.015660    
  0.4950623       1.896616       2.021581    
  0.5047836       1.891157       2.028035    
  0.5151423       1.884916       2.035011    
  0.5261061       1.877913       2.042497    
  0.5376419       1.870168       2.050479    
  0.5497148       1.861701       2.058942    
  0.5622889       1.852538       2.067870    
  0.5753270       1.842703       2.077246    
  0.5887913       1.832221       2.087053    
  0.6026424       1.821122       2.097271    
  0.6168408       1.809433       2.107881    
  0.6313457       1.797185       2.118863    
  0.6461162       1.784409       2.130194    
  0.6611105       1.771138       2.141853    
  0.6762866       1.757404       2.153816    
  0.6916022       1.743242       2.166061    
  0.7070150       1.728687       2.178563    
  0.7224824       1.713775       2.191298    
  0.7379621       1.698541       2.204239    
  0.7534117       1.683022       2.217362    
  0.7687892       1.667257       2.230640    
  0.7840532       1.651282       2.244047    
  0.7991625       1.635135       2.257556    
  0.8140767       1.618855       2.271141    
  0.8287559       1.602480       2.284773    
  0.8431613       1.586047       2.298425    
  0.8572547       1.569595       2.312071    
  0.8709992       1.553162       2.325683    
  0.8843588       1.536786       2.339234    
  0.8972986       1.520504       2.352695    
  0.9097852       1.504352       2.366042    
  0.9217864       1.488368       2.379246    
  0.9332715       1.472586       2.392281    
  0.9442112       1.457042       2.405121    
  0.9545780       1.441770       2.417740    
  0.9643459       1.426804       2.430113    
  0.9734905       1.412177       2.442215    
  0.9819893       1.397919       2.454021    
  0.9898217       1.384061       2.465509    
  0.9969688       1.370634       2.476655    
   1.003414       1.357664       2.487436    
   1.009141       1.345179       2.497831    
   1.014139       1.333205       2.507820    
   1.018395       1.321767       2.517382    
   1.021901       1.310886       2.526498    
   1.024650       1.300584       2.535150    
   1.026636       1.290882       2.543320    
   1.027858       1.281799       2.550993    
   1.028315       1.273350       2.558153    
   1.028007       1.265551       2.564786    
   1.026939       1.258416       2.570879    
   1.025114       1.251958       2.576420    
   1.022542       1.246185       2.581397    
   1.019231       1.241108       2.585801    
   1.015193       1.236733       2.589623    
   1.010441       1.233066       2.592856    
   1.004990       1.230109       2.595493    
  0.9988564       1.227866       2.597529    
  0.9920601       1.226336       2.598961    
  0.9846210       1.225518       2.599785    
  0.9765615       1.225409       2.599999    
  0.9679053       1.226004       2.599605    
  0.9586776       1.227297       2.598602    
  0.9489053       1.229279       2.596992    
  0.9386166       1.231941       2.594779    
  0.9278409       1.235271       2.591968    
  0.9166091       1.239258       2.588563    
  0.9049529       1.243887       2.584571    
  0.8929054       1.249143       2.580001    
  0.8805004       1.255008       2.574862    
  0.8677728       1.261464       2.569163    
  0.8547581       1.268492       2.562916    
  0.8414927       1.276070       2.556132    
  0.8280134       1.284177       2.548826    
  0.8143577       1.292790       2.541011    
  0.8005633       1.301884       2.532703    
  0.7866682       1.311435       2.523917    
  0.7727107       1.321415       2.514671    
  0.7587293       1.331798       2.504982    
  0.7447623       1.342557       2.494869    
  0.7308478       1.353663       2.484351    
  0.7170240       1.365086       2.473449    
  0.7033286       1.376797       2.462183    
  0.6897988       1.388765       2.450575    
  0.6764716       1.400960       2.438646    
  0.6633830       1.413352       2.426419    
  0.6505687       1.425907       2.413918    
  0.6380633       1.438596       2.401165    
  0.6259006       1.451386       2.388185    
  0.6141135       1.464246       2.375001    
  0.6027339       1.477143       2.361639    
  0.5917924       1.490047       2.348123    
  0.5813185       1.502925       2.334478    
  0.5713404       1.515748       2.320729    
  0.5618848       1.528483       2.306902    
  0.5529772       1.541100       2.293021    
  0.5446414       1.553569       2.279113    
  0.5368999       1.565862       2.265201    
  0.5297732       1.577948       2.251311    
  0.5232804       1.589800       2.237469    
  0.5174389       1.601389       2.223698    
  0.5122643       1.612690       2.210024    
  0.5077703       1.623677       2.196470    
  0.5039689       1.634324       2.183061    
  0.5008702       1.644607       2.169819    
  0.4984823       1.654503       2.156768    
  0.4968117       1.663990       2.143930    
  0.4958626       1.673048       2.131328    
  0.4956376       1.681655       2.118982    
  0.4961371       1.689795       2.106913    
  0.4973599       1.697449       2.095143    
  0.4993024       1.704601       2.083689    
  0.5019596       1.711237       2.072571    
  0.5053242       1.717342       2.061808    
  0.5093873       1.722905       2.051415    
  0.5141380       1.727914       2.041410    
  0.5195635       1.732360       2.031809    
  0.5256494       1.736235       2.022626    
  0.5323794       1.739532       2.013875    
  0.5397356       1.742246       2.005569    
  0.5476984       1.744372       1.997720    
  0.5562466       1.745909       1.990339    
  0.5653575       1.746854       1.983437    
  0.5750067       1.747209       1.977023    
  0.5851687       1.746974       1.971105    
  0.5958163       1.746152       1.965690    
  0.6069212       1.744749       1.960784    
  0.6184540       1.742769       1.956393    
  0.6303839       1.740220       1.952522    
  0.6426793       1.737109       1.949172    
  0.6553074       1.733447       1.946347    
  0.6682347       1.729243       1.944047    
  0.6814268       1.724510       1.942274    
  0.6948485       1.719262       1.941026    
  0.7084643       1.713511       1.940301    
  0.7222378       1.707273       1.940097    
  0.7361323       1.700565       1.940410    
  0.7501110       1.693405       1.941236    
  0.7641364       1.685809       1.942569    
  0.7781714       1.677797       1.944402    
  0.7921783       1.669389       1.946729    
  0.8061198       1.660607       1.949541    
  0.8199587       1.651471       1.952829    
  0.8336579       1.642003       1.956584    
  0.8471808       1.632226       1.960794    
  0.8604912       1.622164       1.965449    
  0.8735532       1.611840       1.970536    
  0.8863317       1.601279       1.976042    
  0.8987925       1.590506       1.981954    
  0.9109018       1.579544       1.988258    
  0.9226270       1.568421       1.994939    
  0.9339362       1.557160       2.001982    
  0.9447988       1.545787       2.009370    
  0.9551849       1.534328       2.017088    
  0.9650664       1.522810       2.025119    
  0.9744159       1.511256       2.033446    
  0.9832077       1.499694       2.042050    
  0.9914174       1.488148       2.050914    
  0.9990220       1.476643       2.060019    
   1.006000       1.465204       2.069347    
   1.012332       1.453856       2.078880    
   1.017999       1.442623       2.088598    
   1.022985       1.431528       2.098481    
   1.027275       1.420594       2.108511    
   1.030856       1.409845       2.118669    
   1.033716       1.399303       2.128934    
   1.035846       1.388988       2.139288    
   1.037239       1.378921       2.149711    
   1.037889       1.369123       2.160183    
   1.037791       1.359612       2.170686    
   1.036944       1.350408       2.181200    
   1.035347       1.341527       2.191707    
   1.033003       1.332986       2.202187    
   1.029914       1.324801       2.212623    
   1.026087       1.316987       2.222996    
   1.021528       1.309557       2.233288    
   1.016246       1.302526       2.243482    
   1.010253       1.295903       2.253561    
   1.003562       1.289701       2.263508    
  0.9961860       1.283929       2.273306    
  0.9881422       1.278596       2.282939    
  0.9794483       1.273709       2.292393    
  0.9701237       1.269275       2.301653    
  0.9601896       1.265300       2.310704    
  0.9496685       1.261787       2.319531    
  0.9385844       1.258741       2.328123    
  0.9269630       1.256164       2.336467    
  0.9148309       1.254056       2.344550    
  0.9022163       1.252418       2.352360    
  0.8891484       1.251249       2.359888    
  0.8756577       1.250547       2.367123    
  0.8617757       1.250308       2.374056    
  0.8475348       1.250529       2.380677    
  0.8329683       1.251205       2.386978    
  0.8181104       1.252330       2.392953    
  0.8029960       1.253897       2.398594    
  0.7876605       1.255897       2.403896    
  0.7721401       1.258322       2.408852    
  0.7564713       1.261163       2.413459    
  0.7406910       1.264409       2.417711    
  0.7248363       1.268049       2.421607    
  0.7089447       1.272070       2.425143    
  0.6930535       1.276460       2.428318    
  0.6772002       1.281205       2.431129    
  0.6614222       1.286292       2.433578    
  0.6457567       1.291706       2.435663    
  0.6302405       1.297431       2.437386    
  0.6149102       1.303451       2.438747    
  0.5998020       1.309751       2.439750    
  0.5849513       1.316313       2.440397    
  0.5703930       1.323121       2.440690    
  0.5561614       1.330158       2.440635    
  0.5422899       1.337404       2.440235    
  0.5288109       1.344843       2.439495    
  0.5157560       1.352456       2.438421    
  0.5031558       1.360225       2.437020    
  0.4910398       1.368131       2.435297    
  0.4794360       1.376157       2.433260    
  0.4683716       1.384282       2.430917    
  0.4578723       1.392489       2.428275    
  0.4479623       1.400759       2.425343    
  0.4386647       1.409074       2.422129    
  0.4300007       1.417416       2.418643    
  0.4219904       1.425767       2.414895    
  0.4146519       1.434108       2.410895    
  0.4080021       1.442422       2.406651    
  0.4020560       1.450692       2.402177    
  0.3968270       1.458902       2.397480    
  0.3923266       1.467034       2.392574    
  0.3885649       1.475073       2.387469    
  0.3855498       1.483003       2.382177    
  0.3832879       1.490809       2.376709    
  0.3817837       1.498477       2.371076    
  0.3810399       1.505992       2.365291    
  0.3810576       1.513340       2.359366    
  0.3818359       1.520510       2.353312    
  0.3833722       1.527488       2.347142    
  0.3856622       1.534263       2.340868    
  0.3886997       1.540824       2.334502    
  0.3924768       1.547161       2.328055    
  0.3969839       1.553264       2.321540    
  0.4022096       1.559125       2.314970    
  0.4081410       1.564735       2.308355    
  0.4147636       1.570086       2.301707    
  0.4220611       1.575173       2.295039    
  0.4300159       1.579988       2.288362    
  0.4386086       1.584527       2.281686    
  0.4478188       1.588786       2.275024    
  0.4576242       1.592760       2.268386    
  0.4680017       1.596447       2.261783    
  0.4789265       1.599844       2.255226    
  0.4903729       1.602950       2.248725    
  0.5023138       1.605765       2.242290    
  0.5147213       1.608287       2.235930    
  0.5275663       1.610518       2.229656    
  0.5408188       1.612458       2.223476    
  0.5544482       1.614111       2.217400    
  0.5684229       1.615478       2.211436    
  0.5827106       1.616563       2.205593    
  0.5972785       1.617370       2.199878    
  0.6120933       1.617903       2.194299    
  0.6271212       1.618168       2.188863    
  0.6423280       1.618170       2.183578    
  0.6576793       1.617915       2.178450    
  0.6731406       1.617411       2.173485    
  0.6886773       1.616663       2.168689    
  0.7042544       1.615681       2.164068    
  0.7198377       1.614471       2.159626    
  0.7353924       1.613043       2.155369    
  0.7508844       1.611406       2.151302    
  0.7662799       1.609567       2.147427    
  0.7815453       1.607538       2.143749    
  0.7966477       1.605328       2.140271    
  0.8115546       1.602946       2.136997    
  0.8262343       1.600404       2.133928    
  0.8406557       1.597711       2.131067    
  0.8547885       1.594879       2.128415    
  0.8686034       1.591917       2.125975    
  0.8820719       1.588837       2.123748    
  0.8951665       1.585649       2.121734    
  0.9078608       1.582365       2.119934    
  0.9201295       1.578996       2.118348    
  0.9319485       1.575551       2.116976    
  0.9432949       1.572043       2.115818    
  0.9541472       1.568482       2.114873    
  0.9644850       1.564878       2.114139    
  0.9742896       1.561242       2.113616    
  0.9835433       1.557585       2.113302    
  0.9922302       1.553917       2.113195    
   1.000336       1.550247       2.113292    
   1.007847       1.546585       2.113592    
   1.014752       1.542941       2.114091    
   1.021041       1.539324       2.114787    
   1.026706       1.535742       2.115677    
   1.031739       1.532205       2.116757    
   1.036136       1.528721       2.118024    
   1.039894       1.525298       2.119474    
   1.043008       1.521942       2.121103    
   1.045481       1.518661       2.122907    
   1.047312       1.515463       2.124881    
   1.048504       1.512353       2.127022    
   1.049061       1.509337       2.129324    
   1.048989       1.506422       2.131782    
   1.048296       1.503611       2.134393    
   1.046990       1.500910       2.137150    
   1.045080       1.498323       2.140049    
   1.042580       1.495854       2.143084    
   1.039501       1.493507       2.146251    
   1.035858       1.491283       2.149543    
   1.031667       1.489187       2.152955    
   1.026943       1.487220       2.156482    
   1.021706       1.485383       2.160117    
   1.015974       1.483678       2.163856    
   1.009767       1.482106       2.167693    
   1.003106       1.480668       2.171621    
  0.9960142       1.479363       2.175635    
  0.9885134       1.478191       2.179729    
  0.9806277       1.477152       2.183897    
  0.9723817       1.476244       2.188134    
  0.9638004       1.475467       2.192433    
