  0.7500000       1.500000       2.250000    
  0.7501562       1.500000       2.250000    
  0.7506231       1.500000       2.250000    
  0.7513952       1.500000       2.250000    
  0.7524645       1.500002       2.250000    
  0.7538203       1.500004       2.250000    
  0.7554492       1.500009       2.250000    
  0.7573354       1.500018       2.250000    
  0.7594609       1.500031       2.250000    
  0.7618054       1.500049       2.250000    
  0.7643464       1.500075       2.250000    
  0.7670599       1.500110       2.250000    
  0.7699198       1.500156       2.250000    
  0.7728990       1.500213       2.250000    
  0.7759687       1.500285       2.250001    
  0.7790995       1.500372       2.250001    
  0.7822610       1.500478       2.250002    
  0.7854221       1.500602       2.250003    
  0.7885519       1.500749       2.250005    
  0.7916189       1.500918       2.250007    
  0.7945921       1.501112       2.250009    
  0.7974411       1.501333       2.250012    
  0.8001359       1.501582       2.250016    
  0.8026475       1.501860       2.250021    
  0.8049483       1.502169       2.250027    
  0.8070118       1.502509       2.250035    
  0.8088133       1.502882       2.250044    
  0.8103299       1.503288       2.250054    
  0.8115406       1.503728       2.250067    
  0.8124268       1.504202       2.250082    
  0.8129721       1.504710       2.250099    
  0.8131624       1.505251       2.250119    
  0.8129867       1.505826       2.250143    
  0.8124361       1.506432       2.250170    
  0.8115049       1.507070       2.250200    
  0.8101901       1.507738       2.250235    
  0.8084915       1.508433       2.250274    
  0.8064120       1.509155       2.250319    
  0.8039573       1.509901       2.250368    
  0.8011358       1.510669       2.250423    
  0.7979589       1.511456       2.250485    
  0.7944407       1.512258       2.250553    
  0.7905980       1.513074       2.250628    
  0.7864498       1.513899       2.250710    
  0.7820180       1.514730       2.250800    
  0.7773264       1.515563       2.250898    
  0.7724010       1.516394       2.251005    
  0.7672696       1.517219       2.251121    
  0.7619619       1.518035       2.251247    
  0.7565088       1.518836       2.251382    
  0.7509426       1.519619       2.251527    
  0.7452968       1.520378       2.251682    
  0.7396054       1.521111       2.251848    
  0.7339029       1.521811       2.252025    
  0.7282245       1.522476       2.252213    
  0.7226049       1.523100       2.252413    
  0.7170789       1.523679       2.252623    
  0.7116807       1.524210       2.252846    
  0.7064437       1.524689       2.253079    
  0.7014005       1.525111       2.253325    
  0.6965823       1.525474       2.253582    
  0.6920189       1.525774       2.253850    
  0.6877385       1.526007       2.254130    
  0.6837674       1.526172       2.254421    
  0.6801296       1.526265       2.254723    
  0.6768471       1.526285       2.255035    
  0.6739395       1.526229       2.255358    
  0.6714236       1.526096       2.255690    
  0.6693138       1.525884       2.256031    
  0.6676215       1.525594       2.256381    
  0.6663553       1.525224       2.256739    
  0.6655209       1.524774       2.257105    
  0.6651210       1.524245       2.257477    
  0.6651554       1.523638       2.257855    
  0.6656206       1.522952       2.258238    
  0.6665106       1.522190       2.258625    
  0.6678162       1.521353       2.259015    
  0.6695254       1.520444       2.259407    
  0.6716234       1.519465       2.259800    
  0.6740929       1.518419       2.260193    
  0.6769141       1.517308       2.260585    
  0.6800646       1.516137       2.260974    
  0.6835201       1.514908       2.261360    
  0.6872541       1.513627       2.261741    
  0.6912383       1.512296       2.262115    
  0.6954431       1.510921       2.262483    
  0.6998371       1.509506       2.262841    
  0.7043880       1.508055       2.263190    
  0.7090627       1.506575       2.263527    
  0.7138273       1.505068       2.263851    
  0.7186474       1.503542       2.264161    
  0.7234887       1.502000       2.264455    
  0.7283170       1.500448       2.264733    
  0.7330983       1.498892       2.264993    
  0.7377993       1.497335       2.265233    
  0.7423876       1.495784       2.265452    
  0.7468320       1.494243       2.265650    
  0.7511024       1.492717       2.265824    
  0.7551705       1.491211       2.265974    
  0.7590095       1.489729       2.266098    
  0.7625950       1.488276       2.266196    
  0.7659043       1.486855       2.266267    
  0.7689172       1.485471       2.266308    
  0.7716159       1.484127       2.266321    
  0.7739853       1.482827       2.266303    
  0.7760127       1.481573       2.266253    
  0.7776885       1.480369       2.266172    
  0.7790056       1.479217       2.266059    
  0.7799601       1.478119       2.265912    
  0.7805507       1.477078       2.265732    
  0.7807790       1.476094       2.265518    
  0.7806497       1.475168       2.265270    
  0.7801700       1.474303       2.264986    
  0.7793502       1.473498       2.264668    
  0.7782029       1.472754       2.264315    
  0.7767435       1.472070       2.263927    
  0.7749896       1.471447       2.263505    
  0.7729613       1.470884       2.263047    
  0.7706807       1.470380       2.262555    
  0.7681717       1.469933       2.262029    
  0.7654602       1.469543       2.261469    
  0.7625734       1.469208       2.260875    
  0.7595398       1.468927       2.260249    
  0.7563891       1.468696       2.259591    
  0.7531518       1.468515       2.258900    
  0.7498589       1.468381       2.258179    
  0.7465419       1.468291       2.257428    
  0.7432322       1.468243       2.256648    
  0.7399612       1.468235       2.255840    
  0.7367598       1.468264       2.255005    
  0.7336584       1.468328       2.254143    
  0.7306862       1.468423       2.253257    
  0.7278717       1.468549       2.252346    
  0.7252416       1.468701       2.251413    
  0.7228214       1.468877       2.250459    
  0.7206345       1.469076       2.249485    
  0.7187028       1.469294       2.248492    
  0.7170456       1.469531       2.247481    
  0.7156802       1.469783       2.246455    
  0.7146214       1.470049       2.245414    
  0.7138814       1.470328       2.244360    
  0.7134700       1.470618       2.243295    
  0.7133940       1.470917       2.242220    
  0.7136576       1.471226       2.241136    
  0.7142621       1.471541       2.240046    
  0.7152060       1.471864       2.238950    
  0.7164851       1.472193       2.237850    
  0.7180924       1.472528       2.236748    
  0.7200179       1.472869       2.235646    
  0.7222493       1.473217       2.234544    
  0.7247715       1.473571       2.233445    
  0.7275671       1.473932       2.232351    
  0.7306163       1.474300       2.231262    
  0.7338971       1.474676       2.230180    
  0.7373856       1.475062       2.229107    
  0.7410561       1.475458       2.228045    
  0.7448813       1.475865       2.226995    
  0.7488323       1.476285       2.225959    
  0.7528792       1.476719       2.224938    
  0.7569911       1.477168       2.223933    
  0.7611365       1.477633       2.222947    
  0.7652833       1.478117       2.221981    
  0.7693993       1.478620       2.221036    
  0.7734521       1.479143       2.220114    
  0.7774099       1.479689       2.219217    
  0.7812411       1.480258       2.218345    
  0.7849153       1.480852       2.217500    
  0.7884027       1.481470       2.216684    
  0.7916751       1.482116       2.215899    
  0.7947055       1.482788       2.215144    
  0.7974688       1.483488       2.214422    
  0.7999416       1.484217       2.213735    
  0.8021027       1.484973       2.213083    
  0.8039331       1.485758       2.212468    
  0.8054162       1.486571       2.211891    
  0.8065378       1.487412       2.211353    
  0.8072866       1.488279       2.210855    
  0.8076538       1.489173       2.210399    
  0.8076336       1.490092       2.209986    
  0.8072229       1.491034       2.209617    
  0.8064215       1.491997       2.209292    
  0.8052322       1.492981       2.209014    
  0.8036607       1.493983       2.208782    
  0.8017154       1.494999       2.208598    
  0.7994076       1.496029       2.208463    
  0.7967513       1.497068       2.208377    
  0.7937632       1.498115       2.208342    
  0.7904624       1.499165       2.208357    
  0.7868702       1.500215       2.208424    
  0.7830105       1.501263       2.208543    
  0.7789088       1.502303       2.208714    
  0.7745929       1.503333       2.208939    
  0.7700917       1.504348       2.209217    
  0.7654360       1.505345       2.209549    
  0.7606575       1.506320       2.209935    
  0.7557890       1.507269       2.210375    
  0.7508639       1.508187       2.210868    
  0.7459162       1.509071       2.211416    
  0.7409801       1.509917       2.212018    
  0.7360895       1.510722       2.212674    
  0.7312784       1.511480       2.213382    
  0.7265798       1.512190       2.214144    
  0.7220264       1.512848       2.214959    
  0.7176495       1.513450       2.215825    
  0.7134791       1.513994       2.216743    
  0.7095440       1.514476       2.217710    
  0.7058711       1.514895       2.218727    
  0.7024853       1.515248       2.219793    
  0.6994096       1.515533       2.220906    
  0.6966645       1.515749       2.222065    
  0.6942683       1.515895       2.223269    
  0.6922365       1.515969       2.224516    
  0.6905821       1.515971       2.225805    
  0.6893153       1.515900       2.227134    
  0.6884433       1.515758       2.228502    
  0.6879706       1.515544       2.229906    
  0.6878988       1.515259       2.231345    
  0.6882262       1.514904       2.232818    
  0.6889486       1.514481       2.234321    
  0.6900585       1.513992       2.235852    
  0.6915460       1.513439       2.237411    
  0.6933981       1.512825       2.238993    
  0.6955991       1.512152       2.240597    
  0.6981312       1.511425       2.242221    
  0.7009737       1.510646       2.243861    
  0.7041039       1.509818       2.245516    
  0.7074971       1.508947       2.247182    
  0.7111264       1.508037       2.248858    
  0.7149636       1.507091       2.250540    
  0.7189788       1.506115       2.252226    
  0.7231409       1.505113       2.253913    
  0.7274179       1.504091       2.255598    
  0.7317771       1.503053       2.257279    
  0.7361849       1.502004       2.258952    
  0.7406079       1.500949       2.260616    
  0.7450125       1.499894       2.262267    
  0.7493654       1.498844       2.263902    
  0.7536337       1.497803       2.265520    
  0.7577855       1.496778       2.267117    
  0.7617897       1.495771       2.268690    
  0.7656164       1.494790       2.270237    
  0.7692374       1.493837       2.271756    
  0.7726260       1.492917       2.273243    
  0.7757573       1.492035       2.274698    
  0.7786087       1.491195       2.276116    
  0.7811596       1.490400       2.277496    
  0.7833920       1.489654       2.278836    
  0.7852902       1.488959       2.280133    
  0.7868414       1.488319       2.281385    
  0.7880352       1.487737       2.282591    
  0.7888643       1.487214       2.283749    
  0.7893242       1.486753       2.284856    
  0.7894131       1.486354       2.285912    
  0.7891324       1.486020       2.286914    
  0.7884861       1.485751       2.287861    
  0.7874812       1.485548       2.288752    
  0.7861277       1.485410       2.289586    
  0.7844378       1.485338       2.290360    
  0.7824268       1.485331       2.291075    
  0.7801123       1.485389       2.291730    
  0.7775143       1.485509       2.292323    
  0.7746550       1.485692       2.292855    
  0.7715585       1.485935       2.293323    
  0.7682510       1.486236       2.293729    
  0.7647601       1.486593       2.294071    
  0.7611151       1.487003       2.294350    
  0.7573462       1.487465       2.294566    
  0.7534847       1.487974       2.294718    
  0.7495626       1.488529       2.294806    
  0.7456126       1.489126       2.294831    
  0.7416672       1.489762       2.294794    
  0.7377592       1.490433       2.294693    
  0.7339210       1.491137       2.294532    
  0.7301845       1.491870       2.294308    
  0.7265808       1.492628       2.294025    
  0.7231400       1.493408       2.293681    
  0.7198910       1.494207       2.293279    
  0.7168611       1.495021       2.292819    
  0.7140760       1.495848       2.292303    
  0.7115595       1.496683       2.291731    
  0.7093335       1.497525       2.291105    
  0.7074175       1.498371       2.290425    
  0.7058285       1.499217       2.289695    
  0.7045813       1.500061       2.288914    
  0.7036878       1.500901       2.288084    
  0.7031574       1.501734       2.287208    
  0.7029966       1.502559       2.286286    
  0.7032089       1.503375       2.285320    
  0.7037952       1.504179       2.284312    
  0.7047535       1.504970       2.283264    
  0.7060788       1.505747       2.282177    
  0.7077634       1.506510       2.281054    
  0.7097968       1.507258       2.279896    
  0.7121658       1.507990       2.278705    
  0.7148547       1.508706       2.277483    
  0.7178451       1.509407       2.276233    
  0.7211166       1.510092       2.274955    
  0.7246465       1.510762       2.273653    
  0.7284101       1.511418       2.272327    
  0.7323810       1.512059       2.270981    
  0.7365310       1.512688       2.269616    
  0.7408307       1.513305       2.268235    
  0.7452495       1.513910       2.266839    
  0.7497560       1.514506       2.265431    
  0.7543179       1.515093       2.264013    
  0.7589025       1.515673       2.262586    
  0.7634773       1.516246       2.261154    
  0.7680093       1.516815       2.259717    
  0.7724662       1.517380       2.258280    
  0.7768163       1.517942       2.256842    
  0.7810285       1.518503       2.255407    
  0.7850729       1.519064       2.253978    
  0.7889207       1.519625       2.252555    
  0.7925450       1.520187       2.251141    
  0.7959201       1.520752       2.249738    
  0.7990227       1.521320       2.248349    
  0.8018312       1.521890       2.246975    
  0.8043265       1.522464       2.245618    
  0.8064919       1.523041       2.244281    
  0.8083129       1.523620       2.242966    
  0.8097780       1.524203       2.241674    
  0.8108783       1.524787       2.240407    
  0.8116078       1.525372       2.239169    
  0.8119630       1.525958       2.237959    
  0.8119437       1.526542       2.236781    
  0.8115522       1.527124       2.235636    
  0.8107939       1.527701       2.234526    
  0.8096769       1.528272       2.233452    
  0.8082120       1.528834       2.232417    
  0.8064128       1.529387       2.231422    
  0.8042953       1.529926       2.230469    
  0.8018779       1.530449       2.229558    
  0.7991815       1.530954       2.228693    
  0.7962288       1.531438       2.227873    
  0.7930449       1.531897       2.227100    
  0.7896561       1.532330       2.226377    
  0.7860907       1.532732       2.225703    
  0.7823782       1.533100       2.225079    
  0.7785490       1.533432       2.224508    
  0.7746346       1.533724       2.223989    
  0.7706670       1.533972       2.223524    
  0.7666787       1.534175       2.223114    
  0.7627022       1.534329       2.222758    
  0.7587698       1.534430       2.222458    
  0.7549137       1.534477       2.222214    
  0.7511652       1.534466       2.222026    
  0.7475547       1.534396       2.221895    
  0.7441118       1.534263       2.221820    
  0.7408645       1.534066       2.221802    
  0.7378392       1.533803       2.221841    
  0.7350608       1.533473       2.221936    
  0.7325518       1.533074       2.222086    
  0.7303331       1.532605       2.222293    
  0.7284229       1.532066       2.222554    
  0.7268370       1.531456       2.222870    
  0.7255889       1.530775       2.223240    
  0.7246891       1.530023       2.223662    
  0.7241455       1.529202       2.224136    
  0.7239632       1.528311       2.224661    
  0.7241443       1.527354       2.225235    
  0.7246881       1.526330       2.225857    
  0.7255909       1.525242       2.226526    
  0.7268463       1.524093       2.227239    
  0.7284449       1.522885       2.227997    
  0.7303748       1.521621       2.228796    
  0.7326212       1.520304       2.229635    
  0.7351667       1.518938       2.230513    
  0.7379918       1.517527       2.231426    
  0.7410742       1.516075       2.232374    
  0.7443900       1.514586       2.233354    
  0.7479131       1.513065       2.234364    
  0.7516156       1.511517       2.235402    
  0.7554682       1.509946       2.236465    
  0.7594404       1.508358       2.237551    
  0.7635004       1.506757       2.238658    
  0.7676156       1.505149       2.239783    
  0.7717528       1.503539       2.240925    
  0.7758785       1.501933       2.242079    
  0.7799592       1.500335       2.243246    
  0.7839615       1.498752       2.244420    
  0.7878523       1.497187       2.245601    
  0.7915993       1.495648       2.246786    
  0.7951712       1.494138       2.247972    
  0.7985376       1.492662       2.249157    
  0.8016698       1.491225       2.250338    
  0.8045405       1.489832       2.251513    
  0.8071242       1.488486       2.252681    
  0.8093976       1.487193       2.253837    
  0.8113394       1.485954       2.254981    
  0.8129308       1.484775       2.256109    
  0.8141553       1.483659       2.257221    
  0.8149994       1.482607       2.258313    
  0.8154520       1.481623       2.259384    
  0.8155048       1.480709       2.260432    
  0.8151528       1.479866       2.261455    
  0.8143933       1.479097       2.262451    
  0.8132272       1.478402       2.263418    
  0.8116580       1.477782       2.264355    
  0.8096920       1.477237       2.265260    
  0.8073387       1.476768       2.266131    
  0.8046102       1.476373       2.266968    
  0.8015214       1.476053       2.267770    
  0.7980899       1.475807       2.268533    
  0.7943357       1.475632       2.269259    
  0.7902811       1.475528       2.269945    
  0.7859506       1.475491       2.270591    
  0.7813708       1.475521       2.271196    
  0.7765699       1.475615       2.271759    
  0.7715780       1.475769       2.272279    
  0.7664262       1.475981       2.272757    
  0.7611470       1.476248       2.273190    
  0.7557738       1.476565       2.273581    
  0.7503404       1.476931       2.273926    
  0.7448812       1.477340       2.274228    
  0.7394308       1.477790       2.274485    
  0.7340235       1.478276       2.274698    
  0.7286933       1.478795       2.274866    
  0.7234737       1.479343       2.274990    
  0.7183971       1.479915       2.275070    
  0.7134951       1.480508       2.275106    
  0.7087978       1.481119       2.275098    
  0.7043337       1.481743       2.275047    
  0.7001295       1.482377       2.274953    
  0.6962101       1.483018       2.274817    
  0.6925983       1.483662       2.274640    
  0.6893143       1.484305       2.274421    
  0.6863762       1.484946       2.274162    
  0.6837992       1.485580       2.273864    
  0.6815962       1.486206       2.273526    
  0.6797769       1.486821       2.273151    
  0.6783485       1.487424       2.272738    
  0.6773152       1.488011       2.272289    
  0.6766783       1.488582       2.271805    
  0.6764361       1.489135       2.271286    
  0.6765842       1.489668       2.270734    
  0.6771154       1.490182       2.270149    
  0.6780194       1.490674       2.269533    
  0.6792836       1.491146       2.268887    
  0.6808925       1.491596       2.268212    
  0.6828285       1.492025       2.267509    
  0.6850714       1.492433       2.266779    
  0.6875990       1.492820       2.266023    
  0.6903871       1.493187       2.265243    
  0.6934097       1.493535       2.264439    
  0.6966393       1.493864       2.263613    
  0.7000471       1.494176       2.262767    
  0.7036030       1.494472       2.261900    
  0.7072762       1.494754       2.261016    
  0.7110351       1.495022       2.260114    
  0.7148480       1.495279       2.259197    
  0.7186828       1.495525       2.258265    
  0.7225076       1.495762       2.257320    
  0.7262908       1.495992       2.256363    
  0.7300014       1.496216       2.255396    
  0.7336095       1.496436       2.254420    
  0.7370859       1.496652       2.253436    
  0.7404031       1.496867       2.252445    
  0.7435347       1.497082       2.251450    
  0.7464563       1.497297       2.250451    
  0.7491455       1.497513       2.249449    
  0.7515818       1.497732       2.248447    
  0.7537470       1.497954       2.247445    
  0.7556252       1.498179       2.246446    
  0.7572033       1.498407       2.245449    
  0.7584705       1.498640       2.244457    
  0.7594189       1.498876       2.243472    
  0.7600432       1.499115       2.242493    
  0.7603409       1.499357       2.241524    
  0.7603125       1.499601       2.240565    
  0.7599611       1.499846       2.239617    
  0.7592927       1.500090       2.238682    
  0.7583159       1.500334       2.237762    
  0.7570420       1.500575       2.236857    
  0.7554850       1.500811       2.235968    
  0.7536612       1.501041       2.235098    
  0.7515892       1.501263       2.234247    
  0.7492899       1.501474       2.233417    
  0.7467862       1.501673       2.232608    
  0.7441028       1.501857       2.231822    
  0.7412658       1.502023       2.231060    
  0.7383031       1.502170       2.230323    
  0.7352436       1.502294       2.229611    
  0.7321172       1.502394       2.228927    
  0.7289544       1.502466       2.228271    
  0.7257865       1.502508       2.227643    
  0.7226447       1.502518       2.227045    
  0.7195605       1.502494       2.226477    
  0.7165648       1.502432       2.225940    
  0.7136884       1.502332       2.225435    
  0.7109609       1.502191       2.224962    
  0.7084113       1.502007       2.224521    
  0.7060672       1.501778       2.224114    
  0.7039546       1.501503       2.223740    
  0.7020982       1.501181       2.223400    
  0.7005205       1.500812       2.223094    
  0.6992421       1.500393       2.222822    
  0.6982813       1.499925       2.222585    
  0.6976544       1.499408       2.222381    
  0.6973745       1.498841       2.222212    
  0.6974527       1.498226       2.222077    
  0.6978971       1.497562       2.221976    
  0.6987131       1.496851       2.221908    
  0.6999031       1.496095       2.221873    
  0.7014667       1.495294       2.221871    
  0.7034008       1.494451       2.221901    
  0.7056991       1.493569       2.221963    
  0.7083526       1.492649       2.222056    
  0.7113496       1.491695       2.222179    
  0.7146755       1.490709       2.222332    
  0.7183133       1.489696       2.222514    
  0.7222432       1.488659       2.222723    
  0.7264433       1.487601       2.222960    
  0.7308894       1.486527       2.223223    
  0.7355552       1.485441       2.223511    
  0.7404128       1.484348       2.223823    
  0.7454323       1.483252       2.224157    
  0.7505826       1.482158       2.224514    
  0.7558314       1.481071       2.224891    
  0.7611453       1.479995       2.225288    
  0.7664904       1.478935       2.225704    
  0.7718321       1.477898       2.226136    
  0.7771358       1.476886       2.226585    
  0.7823668       1.475906       2.227048    
  0.7874906       1.474962       2.227525    
  0.7924735       1.474058       2.228014    
  0.7972825       1.473200       2.228515    
  0.8018855       1.472391       2.229026    
  0.8062519       1.471636       2.229545    
  0.8103525       1.470940       2.230073    
  0.8141599       1.470304       2.230607    
  0.8176485       1.469734       2.231147    
  0.8207949       1.469233       2.231692    
  0.8235781       1.468802       2.232240    
  0.8259793       1.468446       2.232791    
  0.8279826       1.468166       2.233344    
  0.8295746       1.467964       2.233897    
  0.8307447       1.467842       2.234451    
  0.8314855       1.467801       2.235004    
  0.8317919       1.467842       2.235556    
  0.8316626       1.467965       2.236106    
  0.8310986       1.468171       2.236653    
  0.8301044       1.468459       2.237196    
  0.8286870       1.468828       2.237736    
  0.8268566       1.469278       2.238272    
  0.8246263       1.469808       2.238803    
  0.8220115       1.470414       2.239330    
  0.8190308       1.471097       2.239851    
  0.8157047       1.471852       2.240367    
  0.8120564       1.472677       2.240877    
  0.8081112       1.473570       2.241381    
  0.8038962       1.474527       2.241880    
  0.7994403       1.475544       2.242373    
  0.7947741       1.476618       2.242861    
  0.7899294       1.477745       2.243342    
  0.7849391       1.478921       2.243818    
  0.7798368       1.480141       2.244288    
  0.7746571       1.481401       2.244754    
  0.7694344       1.482696       2.245214    
  0.7642035       1.484022       2.245669    
  0.7589991       1.485374       2.246120    
  0.7538552       1.486748       2.246567    
  0.7488052       1.488139       2.247009    
  0.7438818       1.489542       2.247448    
  0.7391162       1.490952       2.247883    
  0.7345384       1.492365       2.248316    
  0.7301769       1.493778       2.248745    
  0.7260580       1.495185       2.249173    
  0.7222064       1.496582       2.249598    
  0.7186444       1.497966       2.250022    
  0.7153921       1.499333       2.250444    
  0.7124670       1.500680       2.250866    
  0.7098840       1.502002       2.251287    
  0.7076554       1.503298       2.251707    
  0.7057906       1.504564       2.252128    
  0.7042964       1.505798       2.252548    
  0.7031764       1.506998       2.252970    
  0.7024316       1.508162       2.253391    
  0.7020599       1.509287       2.253814    
  0.7020565       1.510374       2.254238    
  0.7024137       1.511420       2.254663    
  0.7031212       1.512425       2.255089    
  0.7041659       1.513388       2.255517    
  0.7055323       1.514309       2.255946    
  0.7072024       1.515188       2.256376    
  0.7091561       1.516026       2.256809    
  0.7113712       1.516822       2.257242    
  0.7138236       1.517577       2.257677    
  0.7164875       1.518293       2.258114    
  0.7193355       1.518969       2.258552    
  0.7223392       1.519608       2.258991    
  0.7254689       1.520211       2.259431    
  0.7286944       1.520779       2.259871    
  0.7319848       1.521314       2.260313    
  0.7353088       1.521818       2.260755    
  0.7386353       1.522292       2.261197    
  0.7419332       1.522737       2.261639    
  0.7451719       1.523157       2.262081    
  0.7483217       1.523552       2.262522    
  0.7513534       1.523925       2.262962    
  0.7542394       1.524276       2.263401    
  0.7569532       1.524608       2.263838    
  0.7594702       1.524923       2.264274    
  0.7617672       1.525221       2.264707    
  0.7638233       1.525504       2.265137    
  0.7656195       1.525774       2.265565    
  0.7671393       1.526031       2.265989    
  0.7683685       1.526276       2.266410    
  0.7692956       1.526510       2.266826    
  0.7699114       1.526734       2.267238    
  0.7702098       1.526947       2.267645    
  0.7701871       1.527150       2.268047    
  0.7698427       1.527344       2.268444    
  0.7691787       1.527527       2.268834    
  0.7681998       1.527699       2.269218    
  0.7669136       1.527860       2.269595    
  0.7653304       1.528010       2.269966    
  0.7634631       1.528146       2.270329    
  0.7613271       1.528269       2.270684    
  0.7589401       1.528376       2.271030    
  0.7563221       1.528466       2.271369    
  0.7534954       1.528539       2.271698    
  0.7504838       1.528591       2.272018    
  0.7473133       1.528622       2.272328    
  0.7440110       1.528629       2.272629    
  0.7406057       1.528610       2.272919    
  0.7371270       1.528565       2.273198    
  0.7336056       1.528490       2.273466    
  0.7300727       1.528384       2.273722    
  0.7265599       1.528245       2.273967    
  0.7230988       1.528071       2.274199    
  0.7197211       1.527860       2.274419    
  0.7164580       1.527611       2.274625    
  0.7133401       1.527322       2.274818    
  0.7103971       1.526991       2.274997    
  0.7076577       1.526617       2.275162    
  0.7051491       1.526199       2.275312    
  0.7028971       1.525736       2.275446    
  0.7009258       1.525227       2.275565    
  0.6992570       1.524672       2.275668    
  0.6979108       1.524070       2.275754    
  0.6969048       1.523422       2.275823    
  0.6962541       1.522728       2.275874    
  0.6959714       1.521987       2.275907    
  0.6960664       1.521201       2.275922    
  0.6965465       1.520372       2.275917    
  0.6974158       1.519499       2.275893    
  0.6986759       1.518586       2.275848    
  0.7003251       1.517633       2.275783    
  0.7023593       1.516643       2.275696    
  0.7047709       1.515619       2.275588    
  0.7075500       1.514563       2.275458    
  0.7106837       1.513478       2.275305    
  0.7141563       1.512367       2.275128    
  0.7179496       1.511234       2.274928    
  0.7220429       1.510082       2.274704    
  0.7264132       1.508916       2.274455    
  0.7310355       1.507739       2.274182    
  0.7358826       1.506556       2.273882    
  0.7409255       1.505370       2.273557    
  0.7461337       1.504187       2.273206    
  0.7514755       1.503011       2.272829    
  0.7569178       1.501846       2.272425    
  0.7624268       1.500697       2.271994    
  0.7679679       1.499568       2.271536    
  0.7735062       1.498465       2.271051    
  0.7790068       1.497392       2.270538    
  0.7844347       1.496353       2.269998    
  0.7897553       1.495353       2.269431    
  0.7949349       1.494395       2.268837    
  0.7999403       1.493484       2.268215    
  0.8047397       1.492625       2.267567    
  0.8093024       1.491819       2.266892    
  0.8135998       1.491071       2.266191    
  0.8176044       1.490385       2.265465    
  0.8212911       1.489763       2.264712    
  0.8246369       1.489207       2.263935    
  0.8276213       1.488720       2.263134    
  0.8302260       1.488304       2.262309    
  0.8324355       1.487960       2.261462    
  0.8342370       1.487691       2.260593    
  0.8356206       1.487496       2.259702    
  0.8365792       1.487376       2.258792    
  0.8371087       1.487332       2.257863    
  0.8372080       1.487363       2.256916    
  0.8368789       1.487469       2.255953    
  0.8361263       1.487649       2.254974    
  0.8349578       1.487901       2.253981    
  0.8333842       1.488224       2.252976    
  0.8314188       1.488616       2.251960    
  0.8290777       1.489074       2.250934    
  0.8263794       1.489596       2.249900    
  0.8233451       1.490178       2.248859    
  0.8199980       1.490819       2.247814    
  0.8163635       1.491513       2.246766    
  0.8124688       1.492257       2.245717    
  0.8083427       1.493047       2.244668    
  0.8040157       1.493879       2.243622    
  0.7995193       1.494749       2.242579    
  0.7948861       1.495651       2.241543    
  0.7901494       1.496582       2.240515    
  0.7853429       1.497536       2.239496    
  0.7805008       1.498509       2.238488    
  0.7756569       1.499496       2.237495    
  0.7708452       1.500491       2.236516    
  0.7660987       1.501491       2.235555    
  0.7614498       1.502489       2.234613    
  0.7569301       1.503482       2.233691    
  0.7525696       1.504465       2.232792    
  0.7483970       1.505433       2.231918    
  0.7444394       1.506382       2.231069    
  0.7407218       1.507308       2.230248    
  0.7372673       1.508206       2.229457    
  0.7340967       1.509073       2.228696    
  0.7312285       1.509905       2.227967    
  0.7286785       1.510700       2.227273    
  0.7264601       1.511454       2.226613    
  0.7245838       1.512163       2.225990    
  0.7230573       1.512827       2.225404    
  0.7218857       1.513442       2.224857    
  0.7210709       1.514008       2.224350    
  0.7206121       1.514521       2.223884    
  0.7205057       1.514982       2.223459    
  0.7207451       1.515388       2.223078    
  0.7213212       1.515741       2.222739    
  0.7222220       1.516039       2.222444    
  0.7234329       1.516281       2.222194    
  0.7249370       1.516470       2.221989    
  0.7267151       1.516605       2.221829    
  0.7287457       1.516686       2.221715    
  0.7310054       1.516716       2.221646    
  0.7334691       1.516695       2.221624    
  0.7361099       1.516626       2.221647    
  0.7388996       1.516509       2.221716    
  0.7418092       1.516346       2.221831    
  0.7448083       1.516141       2.221992    
  0.7478660       1.515895       2.222197    
  0.7509511       1.515610       2.222447    
  0.7540320       1.515288       2.222742    
  0.7570775       1.514933       2.223080    
  0.7600565       1.514547       2.223461    
  0.7629385       1.514133       2.223884    
  0.7656939       1.513692       2.224349    
  0.7682940       1.513229       2.224855    
  0.7707116       1.512744       2.225400    
  0.7729208       1.512241       2.225984    
  0.7748975       1.511723       2.226605    
  0.7766196       1.511190       2.227264    
  0.7780668       1.510646       2.227957    
  0.7792212       1.510093       2.228685    
  0.7800675       1.509531       2.229446    
  0.7805925       1.508964       2.230238    
  0.7807859       1.508393       2.231061    
  0.7806400       1.507818       2.231913    
  0.7801498       1.507242       2.232792    
  0.7793133       1.506665       2.233697    
  0.7781311       1.506087       2.234627    
  0.7766067       1.505510       2.235580    
  0.7747466       1.504934       2.236555    
  0.7725598       1.504359       2.237549    
  0.7700580       1.503784       2.238561    
  0.7672558       1.503210       2.239591    
  0.7641701       1.502637       2.240635    
  0.7608200       1.502063       2.241693    
  0.7572271       1.501489       2.242762    
  0.7534151       1.500912       2.243841    
  0.7494094       1.500333       2.244929    
  0.7452371       1.499750       2.246023    
  0.7409268       1.499161       2.247122    
  0.7365085       1.498567       2.248224    
  0.7320133       1.497964       2.249327    
  0.7274727       1.497353       2.250430    
  0.7229192       1.496731       2.251531    
  0.7183854       1.496097       2.252627    
  0.7139040       1.495450       2.253718    
  0.7095074       1.494788       2.254802    
  0.7052278       1.494110       2.255876    
  0.7010965       1.493416       2.256939    
  0.6971439       1.492703       2.257990    
  0.6933994       1.491972       2.259026    
  0.6898907       1.491220       2.260045    
  0.6866443       1.490449       2.261047    
  0.6836845       1.489657       2.262029    
  0.6810339       1.488843       2.262989    
  0.6787127       1.488009       2.263926    
  0.6767387       1.487153       2.264838    
  0.6751276       1.486277       2.265724    
  0.6738921       1.485381       2.266581    
  0.6730424       1.484467       2.267409    
  0.6725858       1.483534       2.268205    
  0.6725269       1.482585       2.268968    
  0.6728673       1.481621       2.269696    
  0.6736057       1.480644       2.270388    
  0.6747379       1.479656       2.271043    
  0.6762570       1.478660       2.271658    
  0.6781529       1.477657       2.272233    
  0.6804130       1.476652       2.272767    
  0.6830221       1.475646       2.273257    
  0.6859624       1.474644       2.273703    
  0.6892134       1.473648       2.274104    
  0.6927527       1.472661       2.274458    
  0.6965557       1.471689       2.274764    
  0.7005957       1.470734       2.275021    
  0.7048445       1.469800       2.275229    
  0.7092722       1.468892       2.275387    
  0.7138478       1.468013       2.275493    
  0.7185391       1.467167       2.275548    
  0.7233132       1.466359       2.275549    
  0.7281364       1.465592       2.275498    
  0.7329750       1.464870       2.275394    
  0.7377950       1.464197       2.275236    
  0.7425627       1.463577       2.275024    
  0.7472448       1.463014       2.274758    
  0.7518088       1.462511       2.274438    
  0.7562228       1.462071       2.274063    
  0.7604566       1.461697       2.273635    
  0.7644810       1.461393       2.273154    
  0.7682685       1.461161       2.272619    
  0.7717936       1.461003       2.272032    
  0.7750326       1.460921       2.271393    
  0.7779642       1.460917       2.270702    
  0.7805694       1.460992       2.269962    
  0.7828315       1.461147       2.269171    
  0.7847367       1.461384       2.268333    
  0.7862738       1.461703       2.267448    
  0.7874343       1.462103       2.266516    
  0.7882130       1.462584       2.265541    
  0.7886070       1.463145       2.264523    
  0.7886168       1.463786       2.263463    
  0.7882457       1.464505       2.262364    
  0.7874997       1.465300       2.261227    
  0.7863880       1.466169       2.260055    
  0.7849222       1.467109       2.258848    
  0.7831169       1.468118       2.257611    
  0.7809891       1.469192       2.256343    
  0.7785583       1.470328       2.255049    
  0.7758462       1.471522       2.253729    
  0.7728769       1.472771       2.252387    
  0.7696761       1.474069       2.251025    
  0.7662714       1.475413       2.249646    
  0.7626920       1.476797       2.248252    
  0.7589682       1.478217       2.246845    
  0.7551315       1.479669       2.245429    
  0.7512144       1.481146       2.244005    
  0.7472498       1.482643       2.242578    
  0.7432708       1.484156       2.241148    
  0.7393108       1.485679       2.239720    
  0.7354030       1.487207       2.238296    
  0.7315801       1.488735       2.236879    
  0.7278742       1.490256       2.235471    
  0.7243164       1.491767       2.234074    
  0.7209367       1.493263       2.232693    
  0.7177637       1.494737       2.231329    
  0.7148243       1.496186       2.229985    
  0.7121437       1.497606       2.228664    
  0.7097450       1.498992       2.227368    
  0.7076494       1.500339       2.226100    
  0.7058753       1.501645       2.224862    
  0.7044390       1.502905       2.223656    
  0.7033541       1.504116       2.222485    
  0.7026312       1.505276       2.221351    
  0.7022787       1.506382       2.220256    
  0.7023015       1.507431       2.219203    
  0.7027020       1.508422       2.218192    
  0.7034798       1.509353       2.217227    
  0.7046311       1.510223       2.216308    
  0.7061498       1.511030       2.215438    
  0.7080266       1.511774       2.214618    
  0.7102495       1.512455       2.213850    
  0.7128039       1.513073       2.213134    
  0.7156727       1.513629       2.212473    
  0.7188362       1.514122       2.211868    
  0.7222728       1.514554       2.211318    
  0.7259583       1.514927       2.210827    
  0.7298669       1.515241       2.210393    
  0.7339711       1.515499       2.210019    
  0.7382417       1.515702       2.209705    
  0.7426483       1.515854       2.209450    
  0.7471595       1.515955       2.209256    
  0.7517431       1.516009       2.209124    
  0.7563661       1.516019       2.209052    
  0.7609955       1.515987       2.209041    
  0.7655980       1.515916       2.209092    
  0.7701406       1.515809       2.209204    
  0.7745907       1.515670       2.209377    
  0.7789164       1.515501       2.209610    
  0.7830867       1.515306       2.209904    
  0.7870718       1.515087       2.210257    
  0.7908432       1.514848       2.210670    
  0.7943743       1.514591       2.211140    
  0.7976398       1.514319       2.211669    
  0.8006169       1.514035       2.212255    
  0.8032847       1.513742       2.212896    
  0.8056247       1.513442       2.213592    
  0.8076209       1.513137       2.214343    
  0.8092598       1.512829       2.215146    
  0.8105306       1.512521       2.216001    
  0.8114254       1.512213       2.216906    
  0.8119390       1.511908       2.217860    
  0.8120691       1.511607       2.218862    
  0.8118163       1.511311       2.219909    
  0.8111841       1.511020       2.221002    
  0.8101788       1.510736       2.222138    
  0.8088094       1.510459       2.223315    
  0.8070878       1.510189       2.224532    
  0.8050285       1.509925       2.225788    
  0.8026484       1.509669       2.227080    
  0.7999668       1.509419       2.228406    
  0.7970052       1.509176       2.229766    
  0.7937875       1.508937       2.231156    
  0.7903390       1.508703       2.232576    
  0.7866870       1.508473       2.234023    
  0.7828600       1.508245       2.235495    
  0.7788880       1.508018       2.236991    
  0.7748020       1.507791       2.238508    
  0.7706336       1.507562       2.240044    
  0.7664152       1.507331       2.241597    
  0.7621791       1.507096       2.243165    
  0.7579579       1.506855       2.244747    
  0.7537841       1.506607       2.246339    
  0.7496893       1.506351       2.247940    
  0.7457049       1.506086       2.249547    
  0.7418610       1.505810       2.251159    
  0.7381866       1.505522       2.252773    
  0.7347093       1.505222       2.254386    
  0.7314550       1.504909       2.255998    
  0.7284479       1.504581       2.257605    
  0.7257102       1.504239       2.259206    
  0.7232618       1.503882       2.260798    
  0.7211204       1.503511       2.262378    
  0.7193012       1.503124       2.263946    
  0.7178166       1.502723       2.265498    
  0.7166767       1.502308       2.267032    
  0.7158884       1.501881       2.268546    
  0.7154563       1.501441       2.270039    
  0.7153818       1.500990       2.271507    
  0.7156635       1.500529       2.272949    
  0.7162972       1.500061       2.274363    
  0.7172760       1.499587       2.275746    
  0.7185900       1.499109       2.277097    
  0.7202269       1.498629       2.278413    
  0.7221715       1.498150       2.279693    
  0.7244066       1.497675       2.280934    
  0.7269122       1.497205       2.282136    
  0.7296664       1.496745       2.283296    
  0.7326451       1.496297       2.284412    
  0.7358227       1.495864       2.285482    
  0.7391717       1.495450       2.286506    
  0.7426633       1.495058       2.287481    
  0.7462677       1.494690       2.288406    
  0.7499537       1.494351       2.289280    
  0.7536900       1.494043       2.290101    
  0.7574443       1.493770       2.290868    
  0.7611845       1.493535       2.291580    
  0.7648783       1.493342       2.292237    
  0.7684938       1.493192       2.292836    
  0.7719996       1.493089       2.293378    
  0.7753652       1.493036       2.293860    
  0.7785610       1.493034       2.294284    
  0.7815588       1.493087       2.294648    
  0.7843318       1.493197       2.294952    
  0.7868549       1.493364       2.295195    
  0.7891050       1.493591       2.295378    
  0.7910609       1.493879       2.295500    
  0.7927039       1.494229       2.295561    
  0.7940174       1.494641       2.295562    
  0.7949876       1.495116       2.295502    
  0.7956032       1.495654       2.295382    
  0.7958558       1.496254       2.295203    
  0.7957395       1.496916       2.294965    
  0.7952517       1.497638       2.294669    
  0.7943923       1.498420       2.294315    
  0.7931643       1.499259       2.293905    
  0.7915736       1.500153       2.293440    
  0.7896288       1.501101       2.292920    
  0.7873414       1.502099       2.292348    
  0.7847257       1.503144       2.291723    
  0.7817983       1.504233       2.291049    
  0.7785786       1.505363       2.290326    
  0.7750883       1.506528       2.289556    
  0.7713511       1.507727       2.288740    
  0.7673928       1.508953       2.287881    
  0.7632411       1.510202       2.286980    
  0.7589251       1.511470       2.286039    
  0.7544756       1.512752       2.285060    
  0.7499244       1.514043       2.284046    
  0.7453041       1.515338       2.282998    
  0.7406483       1.516631       2.281918    
  0.7359906       1.517917       2.280808    
  0.7313653       1.519192       2.279671    
  0.7268063       1.520449       2.278509    
  0.7223471       1.521684       2.277324    
  0.7180209       1.522892       2.276119    
  0.7138599       1.524067       2.274895    
  0.7098951       1.525206       2.273655    
  0.7061564       1.526302       2.272402    
  0.7026722       1.527352       2.271136    
  0.6994689       1.528352       2.269862    
  0.6965712       1.529297       2.268580    
  0.6940016       1.530183       2.267293    
  0.6917801       1.531008       2.266004    
  0.6899245       1.531767       2.264714    
  0.6884499       1.532458       2.263426    
  0.6873686       1.533079       2.262141    
  0.6866904       1.533626       2.260862    
  0.6864219       1.534099       2.259590    
  0.6865669       1.534495       2.258327    
  0.6871262       1.534813       2.257076    
  0.6880978       1.535053       2.255837    
  0.6894765       1.535214       2.254613    
  0.6912544       1.535296       2.253405    
  0.6934205       1.535299       2.252215    
  0.6959614       1.535224       2.251045    
  0.6988606       1.535071       2.249895    
  0.7020994       1.534843       2.248767    
  0.7056565       1.534541       2.247663    
  0.7095084       1.534166       2.246583    
  0.7136294       1.533720       2.245529    
  0.7179921       1.533207       2.244501    
  0.7225673       1.532629       2.243501    
  0.7273244       1.531989       2.242530    
  0.7322316       1.531290       2.241588    
  0.7372558       1.530536       2.240676    
  0.7423636       1.529729       2.239795    
  0.7475207       1.528875       2.238945    
  0.7526928       1.527975       2.238127    
  0.7578454       1.527035       2.237341    
  0.7629445       1.526058       2.236588    
  0.7679563       1.525048       2.235869    
  0.7728481       1.524010       2.235182    
  0.7775880       1.522946       2.234529    
  0.7821451       1.521861       2.233910    
  0.7864906       1.520759       2.233325    
  0.7905967       1.519643       2.232773    
  0.7944378       1.518518       2.232255    
  0.7979905       1.517386       2.231771    
  0.8012333       1.516251       2.231321    
  0.8041472       1.515116       2.230904    
  0.8067158       1.513984       2.230521    
  0.8089252       1.512857       2.230170    
  0.8107644       1.511740       2.229853    
  0.8122250       1.510633       2.229568    
  0.8133016       1.509539       2.229315    
  0.8139915       1.508459       2.229094    
  0.8142953       1.507396       2.228904    
  0.8142160       1.506351       2.228746    
  0.8137596       1.505325       2.228618    
  0.8129349       1.504319       2.228520    
  0.8117536       1.503333       2.228451    
  0.8102297       1.502369       2.228412    
  0.8083799       1.501425       2.228401    
  0.8062231       1.500503       2.228418    
  0.8037805       1.499602       2.228462    
  0.8010753       1.498722       2.228534    
  0.7981324       1.497862       2.228631    
  0.7949786       1.497021       2.228753    
  0.7916420       1.496199       2.228900    
  0.7881516       1.495394       2.229071    
  0.7845379       1.494606       2.229265    
  0.7808318       1.493834       2.229482    
  0.7770647       1.493075       2.229721    
  0.7732682       1.492330       2.229981    
  0.7694740       1.491596       2.230261    
  0.7657135       1.490872       2.230560    
  0.7620174       1.490158       2.230878    
  0.7584158       1.489451       2.231214    
  0.7549379       1.488751       2.231566    
  0.7516115       1.488057       2.231935    
  0.7484630       1.487367       2.232319    
  0.7455172       1.486681       2.232717    
  0.7427969       1.485998       2.233128    
  0.7403230       1.485318       2.233552    
  0.7381142       1.484639       2.233987    
  0.7361869       1.483963       2.234432    
  0.7345549       1.483287       2.234887    
  0.7332296       1.482614       2.235350    
  0.7322197       1.481943       2.235821    
  0.7315310       1.481274       2.236298    
  0.7311667       1.480608       2.236781    
  0.7311271       1.479947       2.237268    
  0.7314098       1.479291       2.237758    
  0.7320096       1.478641       2.238251    
  0.7329186       1.478000       2.238745    
  0.7341260       1.477368       2.239240    
  0.7356186       1.476748       2.239733    
  0.7373807       1.476141       2.240226    
  0.7393942       1.475550       2.240715    
  0.7416388       1.474978       2.241200    
  0.7440922       1.474426       2.241681    
  0.7467300       1.473897       2.242157    
  0.7495263       1.473393       2.242626    
  0.7524537       1.472918       2.243087    
  0.7554835       1.472474       2.243541    
  0.7585859       1.472064       2.243984    
  0.7617303       1.471690       2.244419    
  0.7648855       1.471356       2.244842    
  0.7680203       1.471063       2.245254    
  0.7711030       1.470815       2.245654    
  0.7741023       1.470614       2.246041    
  0.7769873       1.470462       2.246414    
  0.7797277       1.470362       2.246774    
  0.7822942       1.470315       2.247119    
  0.7846587       1.470324       2.247449    
  0.7867943       1.470390       2.247764    
  0.7886760       1.470515       2.248063    
  0.7902802       1.470700       2.248346    
  0.7915857       1.470945       2.248612    
  0.7925733       1.471253       2.248863    
  0.7932261       1.471622       2.249096    
  0.7935296       1.472052       2.249313    
  0.7934720       1.472545       2.249514    
  0.7930443       1.473099       2.249697    
  0.7922401       1.473714       2.249865    
  0.7910560       1.474387       2.250016    
  0.7894914       1.475119       2.250151    
  0.7875486       1.475906       2.250271    
  0.7852329       1.476747       2.250375    
  0.7825524       1.477640       2.250463    
  0.7795179       1.478581       2.250538    
  0.7761433       1.479568       2.250598    
  0.7724449       1.480597       2.250645    
  0.7684416       1.481665       2.250679    
  0.7641549       1.482768       2.250700    
  0.7596083       1.483902       2.250710    
  0.7548276       1.485063       2.250709    
  0.7498405       1.486245       2.250697    
  0.7446765       1.487446       2.250677    
  0.7393665       1.488659       2.250647    
  0.7339427       1.489880       2.250610    
  0.7284385       1.491104       2.250565    
  0.7228880       1.492326       2.250514    
  0.7173259       1.493541       2.250458    
  0.7117873       1.494744       2.250397    
  0.7063073       1.495929       2.250333    
  0.7009207       1.497093       2.250265    
  0.6956620       1.498230       2.250196    
  0.6905650       1.499336       2.250124    
  0.6856626       1.500405       2.250053    
  0.6809862       1.501433       2.249981    
  0.6765662       1.502416       2.249911    
  0.6724311       1.503350       2.249842    
  0.6686075       1.504232       2.249775    
  0.6651202       1.505057       2.249712    
  0.6619916       1.505823       2.249652    
  0.6592417       1.506525       2.249596    
  0.6568881       1.507163       2.249544    
  0.6549454       1.507733       2.249498    
  0.6534259       1.508234       2.249457    
  0.6523387       1.508664       2.249422    
  0.6516900       1.509021       2.249393    
  0.6514832       1.509305       2.249370    
  0.6517185       1.509515       2.249354    
  0.6523932       1.509652       2.249345    
  0.6535017       1.509715       2.249343    
  0.6550353       1.509705       2.249347    
  0.6569826       1.509623       2.249359    
  0.6593294       1.509471       2.249377    
  0.6620587       1.509249       2.249402    
  0.6651511       1.508961       2.249434    
  0.6685848       1.508607       2.249472    
  0.6723357       1.508192       2.249516    
  0.6763778       1.507718       2.249566    
  0.6806832       1.507187       2.249621    
  0.6852222       1.506605       2.249681    
  0.6899639       1.505973       2.249745    
  0.6948760       1.505295       2.249814    
  0.6999255       1.504577       2.249886    
  0.7050786       1.503821       2.249962    
  0.7103010       1.503033       2.250039    
  0.7155582       1.502216       2.250119    
  0.7208160       1.501375       2.250200    
  0.7260401       1.500514       2.250281    
  0.7311972       1.499637       2.250362    
  0.7362546       1.498749       2.250443    
  0.7411807       1.497855       2.250522    
  0.7459452       1.496958       2.250600    
  0.7505192       1.496063       2.250674    
  0.7548756       1.495173       2.250746    
  0.7589893       1.494293       2.250813    
  0.7628373       1.493427       2.250876    
  0.7663987       1.492577       2.250934    
  0.7696550       1.491747       2.250985    
  0.7725906       1.490941       2.251031    
  0.7751920       1.490161       2.251069    
  0.7774489       1.489409       2.251100    
  0.7793535       1.488689       2.251123    
  0.7809010       1.488002       2.251138    
  0.7820893       1.487350       2.251143    
  0.7829194       1.486735       2.251139    
  0.7833950       1.486157       2.251126    
  0.7835226       1.485619       2.251102    
  0.7833114       1.485120       2.251068    
  0.7827734       1.484662       2.251024    
  0.7819231       1.484243       2.250968    
  0.7807772       1.483865       2.250902    
  0.7793549       1.483528       2.250824    
  0.7776775       1.483229       2.250735    
  0.7757682       1.482970       2.250634    
  0.7736519       1.482748       2.250523    
  0.7713552       1.482563       2.250399    
  0.7689057       1.482413       2.250265    
  0.7663324       1.482298       2.250118    
  0.7636650       1.482215       2.249961    
  0.7609340       1.482162       2.249793    
  0.7581700       1.482139       2.249614    
  0.7554039       1.482143       2.249424    
  0.7526665       1.482172       2.249223    
  0.7499880       1.482225       2.249012    
  0.7473983       1.482299       2.248792    
  0.7449262       1.482393       2.248562    
  0.7425995       1.482505       2.248322    
  0.7404445       1.482633       2.248074    
  0.7384863       1.482776       2.247818    
  0.7367482       1.482931       2.247553    
  0.7352512       1.483098       2.247281    
  0.7340146       1.483276       2.247001    
  0.7330554       1.483462       2.246715    
  0.7323880       1.483656       2.246423    
  0.7320244       1.483858       2.246125    
  0.7319742       1.484066       2.245822    
  0.7322440       1.484280       2.245514    
  0.7328377       1.484499       2.245201    
  0.7337567       1.484724       2.244885    
  0.7349993       1.484955       2.244566    
  0.7365610       1.485192       2.244245    
  0.7384347       1.485435       2.243921    
  0.7406105       1.485686       2.243596    
  0.7430760       1.485944       2.243269    
  0.7458159       1.486212       2.242943    
  0.7488127       1.486489       2.242616    
  0.7520468       1.486778       2.242291    
  0.7554960       1.487081       2.241966    
  0.7591363       1.487397       2.241644    
  0.7629421       1.487730       2.241324    
  0.7668858       1.488081       2.241008    
  0.7709388       1.488451       2.240695    
  0.7750710       1.488844       2.240387    
  0.7792516       1.489260       2.240083    
  0.7834488       1.489701       2.239786    
  0.7876307       1.490170       2.239495    
  0.7917649       1.490668       2.239210    
  0.7958190       1.491197       2.238934    
  0.7997613       1.491759       2.238665    
  0.8035601       1.492355       2.238406    
  0.8071849       1.492987       2.238156    
  0.8106060       1.493656       2.237917    
  0.8137950       1.494364       2.237689    
  0.8167250       1.495110       2.237473    
  0.8193707       1.495897       2.237269    
  0.8217090       1.496724       2.237079    
  0.8237185       1.497593       2.236902    
  0.8253802       1.498502       2.236741    
  0.8266776       1.499452       2.236596    
  0.8275965       1.500442       2.236466    
  0.8281258       1.501472       2.236354    
  0.8282565       1.502540       2.236260    
  0.8279831       1.503646       2.236185    
  0.8273026       1.504787       2.236129    
  0.8262149       1.505962       2.236094    
  0.8247230       1.507168       2.236079    
  0.8228328       1.508404       2.236087    
  0.8205529       1.509666       2.236117    
  0.8178949       1.510951       2.236171    
  0.8148732       1.512256       2.236248    
  0.8115047       1.513579       2.236351    
  0.8078088       1.514914       2.236479    
  0.8038076       1.516258       2.236634    
  0.7995250       1.517607       2.236815    
  0.7949873       1.518957       2.237024    
  0.7902227       1.520304       2.237260    
  0.7852609       1.521642       2.237526    
  0.7801331       1.522967       2.237820    
  0.7748717       1.524275       2.238145    
  0.7695103       1.525561       2.238499    
  0.7640831       1.526820       2.238883    
  0.7586248       1.528047       2.239299    
  0.7531703       1.529238       2.239745    
  0.7477547       1.530388       2.240222    
  0.7424126       1.531492       2.240731    
  0.7371783       1.532546       2.241271    
  0.7320852       1.533546       2.241842    
  0.7271656       1.534488       2.242444    
  0.7224507       1.535368       2.243077    
  0.7179703       1.536182       2.243741    
  0.7137523       1.536927       2.244436    
  0.7098228       1.537599       2.245160    
  0.7062059       1.538196       2.245914    
  0.7029232       1.538715       2.246697    
  0.6999940       1.539155       2.247509    
  0.6974352       1.539513       2.248348    
  0.6952608       1.539787       2.249214    
  0.6934820       1.539976       2.250105    
  0.6921074       1.540081       2.251022    
  0.6911424       1.540099       2.251962    
  0.6905895       1.540032       2.252925    
  0.6904485       1.539880       2.253910    
  0.6907157       1.539642       2.254914    
  0.6913851       1.539321       2.255937    
  0.6924474       1.538918       2.256977    
  0.6938905       1.538435       2.258033    
  0.6956999       1.537873       2.259103    
  0.6978583       1.537236       2.260185    
  0.7003460       1.536526       2.261278    
  0.7031409       1.535746       2.262379    
  0.7062188       1.534900       2.263488    
  0.7095537       1.533991       2.264601    
  0.7131178       1.533024       2.265718    
  0.7168816       1.532002       2.266835    
  0.7208146       1.530929       2.267951    
  0.7248849       1.529811       2.269064    
  0.7290601       1.528652       2.270172    
  0.7333070       1.527457       2.271273    
  0.7375922       1.526230       2.272364    
  0.7418820       1.524976       2.273444    
  0.7461433       1.523701       2.274510    
  0.7503430       1.522409       2.275560    
  0.7544490       1.521106       2.276592    
  0.7584300       1.519795       2.277605    
  0.7622558       1.518482       2.278595    
  0.7658979       1.517172       2.279561    
  0.7693290       1.515868       2.280500    
  0.7725238       1.514576       2.281412    
  0.7754591       1.513300       2.282293    
  0.7781137       1.512043       2.283142    
  0.7804688       1.510809       2.283958    
  0.7825081       1.509602       2.284737    
  0.7842179       1.508425       2.285480    
  0.7855871       1.507282       2.286183    
  0.7866075       1.506174       2.286845    
  0.7872736       1.505104       2.287465    
  0.7875828       1.504075       2.288042    
  0.7875353       1.503088       2.288573    
  0.7871343       1.502144       2.289058    
  0.7863858       1.501246       2.289496    
  0.7852984       1.500394       2.289885    
  0.7838837       1.499588       2.290224    
  0.7821556       1.498829       2.290513    
  0.7801308       1.498118       2.290751    
  0.7778281       1.497453       2.290936    
  0.7752686       1.496834       2.291068    
  0.7724755       1.496260       2.291147    
  0.7694737       1.495731       2.291173    
  0.7662899       1.495246       2.291144    
  0.7629523       1.494802       2.291061    
  0.7594900       1.494399       2.290923    
  0.7559333       1.494034       2.290730    
  0.7523134       1.493706       2.290483    
  0.7486618       1.493412       2.290182    
  0.7450102       1.493151       2.289826    
  0.7413905       1.492921       2.289416    
  0.7378341       1.492718       2.288952    
  0.7343721       1.492541       2.288435    
  0.7310349       1.492388       2.287865    
  0.7278516       1.492257       2.287243    
  0.7248505       1.492144       2.286569    
  0.7220582       1.492048       2.285845    
  0.7194998       1.491967       2.285071    
  0.7171983       1.491899       2.284249    
  0.7151750       1.491843       2.283378    
  0.7134489       1.491795       2.282460    
  0.7120365       1.491755       2.281497    
  0.7109520       1.491721       2.280489    
  0.7102069       1.491692       2.279438    
  0.7098101       1.491667       2.278346    
  0.7097678       1.491645       2.277212    
  0.7100831       1.491625       2.276039    
  0.7107565       1.491607       2.274828    
  0.7117857       1.491591       2.273582    
  0.7131654       1.491575       2.272300    
  0.7148876       1.491562       2.270985    
  0.7169417       1.491549       2.269639    
  0.7193140       1.491539       2.268262    
  0.7219888       1.491532       2.266858    
  0.7249476       1.491528       2.265427    
  0.7281697       1.491529       2.263972    
  0.7316322       1.491536       2.262494    
  0.7353104       1.491549       2.260995    
  0.7391777       1.491570       2.259477    
  0.7432058       1.491602       2.257942    
  0.7473653       1.491644       2.256391    
  0.7516255       1.491699       2.254828    
  0.7559547       1.491769       2.253253    
  0.7603209       1.491855       2.251669    
  0.7646913       1.491958       2.250078    
  0.7690331       1.492080       2.248482    
  0.7733135       1.492224       2.246882    
  0.7775003       1.492390       2.245282    
  0.7815616       1.492579       2.243683    
  0.7854663       1.492794       2.242087    
  0.7891847       1.493035       2.240496    
  0.7926882       1.493303       2.238913    
  0.7959496       1.493599       2.237340    
  0.7989437       1.493924       2.235778    
  0.8016470       1.494279       2.234231    
  0.8040382       1.494663       2.232699    
  0.8060983       1.495077       2.231186    
  0.8078107       1.495520       2.229693    
  0.8091614       1.495993       2.228223    
  0.8101388       1.496494       2.226778    
  0.8107345       1.497022       2.225359    
  0.8109426       1.497577       2.223970    
  0.8107603       1.498157       2.222611    
  0.8101873       1.498760       2.221286    
  0.8092266       1.499384       2.219995    
  0.8078840       1.500027       2.218742    
  0.8061681       1.500687       2.217528    
  0.8040901       1.501361       2.216355    
  0.8016643       1.502046       2.215225    
  0.7989072       1.502739       2.214139    
  0.7958379       1.503437       2.213101    
  0.7924780       1.504136       2.212110    
  0.7888511       1.504833       2.211169    
  0.7849827       1.505524       2.210280    
  0.7809004       1.506205       2.209445    
  0.7766330       1.506873       2.208663    
  0.7722109       1.507522       2.207938    
  0.7676657       1.508150       2.207270    
  0.7630298       1.508752       2.206660    
  0.7583363       1.509324       2.206110    
  0.7536187       1.509863       2.205621    
  0.7489105       1.510363       2.205194    
  0.7442455       1.510822       2.204829    
  0.7396568       1.511235       2.204527    
  0.7351770       1.511599       2.204289    
  0.7308378       1.511911       2.204116    
  0.7266700       1.512168       2.204007    
  0.7227029       1.512366       2.203964    
  0.7189643       1.512502       2.203986    
  0.7154803       1.512575       2.204073    
  0.7122750       1.512581       2.204226    
  0.7093703       1.512520       2.204443    
  0.7067859       1.512389       2.204726    
  0.7045391       1.512187       2.205072    
  0.7026445       1.511913       2.205483    
  0.7011141       1.511567       2.205956    
  0.6999571       1.511149       2.206492    
  0.6991798       1.510657       2.207090    
  0.6987857       1.510094       2.207748    
  0.6987754       1.509460       2.208465    
  0.6991463       1.508756       2.209239    
  0.6998933       1.507983       2.210071    
  0.7010081       1.507144       2.210957    
  0.7024800       1.506241       2.211896    
  0.7042950       1.505277       2.212887    
  0.7064371       1.504254       2.213928    
  0.7088873       1.503176       2.215016    
  0.7116246       1.502047       2.216150    
  0.7146258       1.500870       2.217328    
  0.7178656       1.499649       2.218547    
  0.7213168       1.498388       2.219806    
  0.7249507       1.497093       2.221101    
  0.7287374       1.495768       2.222430    
  0.7326455       1.494417       2.223792    
  0.7366428       1.493047       2.225182    
  0.7406967       1.491661       2.226599    
  0.7447739       1.490265       2.228040    
  0.7488409       1.488864       2.229503    
  0.7528644       1.487463       2.230984    
  0.7568116       1.486068       2.232482    
  0.7606500       1.484684       2.233992    
  0.7643482       1.483315       2.235513    
  0.7678757       1.481968       2.237041    
  0.7712033       1.480646       2.238575    
  0.7743035       1.479354       2.240111    
  0.7771505       1.478097       2.241646    
  0.7797203       1.476880       2.243178    
  0.7819912       1.475706       2.244704    
  0.7839438       1.474578       2.246221    
  0.7855610       1.473502       2.247727    
  0.7868283       1.472479       2.249220    
  0.7877340       1.471514       2.250696    
  0.7882691       1.470608       2.252153    
  0.7884274       1.469764       2.253590    
  0.7882056       1.468984       2.255003    
  0.7876034       1.468271       2.256390    
  0.7866233       1.467624       2.257750    
  0.7852708       1.467046       2.259079    
  0.7835540       1.466537       2.260377    
  0.7814842       1.466097       2.261641    
  0.7790752       1.465726       2.262869    
  0.7763433       1.465425       2.264060    
  0.7733073       1.465193       2.265211    
  0.7699885       1.465027       2.266321    
  0.7664103       1.464929       2.267390    
  0.7625980       1.464895       2.268414    
  0.7585787       1.464925       2.269393    
  0.7543813       1.465016       2.270327    
  0.7500358       1.465167       2.271213    
  0.7455736       1.465374       2.272051    
  0.7410268       1.465635       2.272839    
  0.7364282       1.465949       2.273577    
  0.7318112       1.466311       2.274265    
  0.7272090       1.466719       2.274901    
  0.7226552       1.467170       2.275486    
  0.7181826       1.467661       2.276018    
  0.7138237       1.468189       2.276497    
  0.7096100       1.468750       2.276923    
  0.7055721       1.469342       2.277296    
  0.7017390       1.469962       2.277616    
  0.6981383       1.470606       2.277882    
  0.6947961       1.471272       2.278095    
  0.6917362       1.471957       2.278255    
  0.6889806       1.472658       2.278362    
  0.6865488       1.473373       2.278417    
  0.6844580       1.474099       2.278419    
  0.6827227       1.474835       2.278370    
  0.6813551       1.475577       2.278269    
  0.6803643       1.476325       2.278118    
  0.6797566       1.477077       2.277917    
  0.6795356       1.477830       2.277666    
  0.6797021       1.478585       2.277368    
  0.6802537       1.479339       2.277021    
  0.6811855       1.480092       2.276628    
  0.6824895       1.480844       2.276189    
  0.6841550       1.481594       2.275706    
  0.6861689       1.482342       2.275178    
  0.6885152       1.483088       2.274608    
  0.6911756       1.483831       2.273997    
  0.6941295       1.484573       2.273346    
  0.6973543       1.485314       2.272656    
  0.7008252       1.486055       2.271928    
  0.7045158       1.486796       2.271165    
  0.7083980       1.487538       2.270366    
  0.7124428       1.488283       2.269535    
  0.7166195       1.489031       2.268671    
  0.7208970       1.489783       2.267777    
  0.7252432       1.490541       2.266855    
  0.7296259       1.491306       2.265906    
  0.7340127       1.492079       2.264931    
  0.7383713       1.492862       2.263933    
  0.7426698       1.493654       2.262913    
  0.7468767       1.494458       2.261873    
  0.7509617       1.495275       2.260814    
  0.7548954       1.496104       2.259739    
  0.7586499       1.496948       2.258649    
  0.7621986       1.497807       2.257547    
  0.7655167       1.498680       2.256434    
  0.7685814       1.499570       2.255312    
  0.7713721       1.500474       2.254183    
  0.7738703       1.501394       2.253049    
  0.7760600       1.502329       2.251912    
  0.7779278       1.503279       2.250774    
  0.7794626       1.504242       2.249638    
  0.7806565       1.505219       2.248504    
  0.7815041       1.506207       2.247375    
  0.7820028       1.507206       2.246254    
  0.7821530       1.508213       2.245142    
  0.7819579       1.509228       2.244041    
  0.7814233       1.510247       2.242953    
  0.7805580       1.511268       2.241881    
  0.7793735       1.512290       2.240826    
  0.7778837       1.513308       2.239789    
  0.7761052       1.514321       2.238775    
  0.7740569       1.515326       2.237782    
  0.7717599       1.516319       2.236815    
  0.7692372       1.517297       2.235875    
  0.7665140       1.518256       2.234963    
  0.7636169       1.519194       2.234081    
  0.7605740       1.520106       2.233231    
  0.7574148       1.520990       2.232414    
  0.7541696       1.521840       2.231633    
  0.7508698       1.522655       2.230889    
  0.7475469       1.523429       2.230182    
  0.7442329       1.524161       2.229515    
  0.7409599       1.524846       2.228889    
  0.7377598       1.525481       2.228304    
  0.7346637       1.526063       2.227763    
  0.7317023       1.526589       2.227266    
  0.7289053       1.527055       2.226813    
  0.7263010       1.527461       2.226407    
  0.7239166       1.527802       2.226048    
  0.7217774       1.528077       2.225735    
  0.7199069       1.528285       2.225471    
  0.7183266       1.528422       2.225255    
  0.7170559       1.528489       2.225087    
  0.7161117       1.528484       2.224969    
  0.7155085       1.528407       2.224900    
  0.7152579       1.528257       2.224880    
  0.7153693       1.528033       2.224909    
  0.7158488       1.527738       2.224987    
  0.7166999       1.527371       2.225114    
  0.7179232       1.526933       2.225288    
  0.7195163       1.526425       2.225511    
  0.7214739       1.525851       2.225781    
  0.7237880       1.525211       2.226097    
  0.7264476       1.524508       2.226459    
  0.7294390       1.523745       2.226865    
  0.7327458       1.522925       2.227316    
  0.7363493       1.522051       2.227809    
  0.7402281       1.521127       2.228343    
  0.7443587       1.520157       2.228918    
  0.7487155       1.519145       2.229532    
  0.7532711       1.518095       2.230183    
  0.7579963       1.517013       2.230871    
  0.7628605       1.515902       2.231593    
  0.7678317       1.514768       2.232348    
  0.7728770       1.513615       2.233135    
  0.7779627       1.512449       2.233951    
  0.7830548       1.511275       2.234794    
  0.7881186       1.510098       2.235664    
  0.7931197       1.508924       2.236558    
  0.7980239       1.507756       2.237475    
