  0.7500000       1.500000       2.250000    
  0.7501562       1.500000       2.250000    
  0.7506212       1.500000       2.250000    
  0.7513847       1.500000       2.250000    
  0.7524313       1.500002       2.250000    
  0.7537409       1.500004       2.250000    
  0.7552890       1.500009       2.250000    
  0.7570468       1.500017       2.250000    
  0.7589819       1.500030       2.250000    
  0.7610591       1.500048       2.250000    
  0.7632402       1.500073       2.250000    
  0.7654853       1.500106       2.250000    
  0.7677531       1.500149       2.250000    
  0.7700015       1.500202       2.250000    
  0.7721885       1.500268       2.250001    
  0.7742730       1.500347       2.250001    
  0.7762147       1.500442       2.250002    
  0.7779756       1.500551       2.250003    
  0.7795202       1.500678       2.250005    
  0.7808160       1.500823       2.250006    
  0.7818342       1.500986       2.250009    
  0.7825502       1.501167       2.250012    
  0.7829437       1.501367       2.250015    
  0.7829995       1.501587       2.250020    
  0.7827070       1.501825       2.250025    
  0.7820614       1.502081       2.250032    
  0.7810629       1.502355       2.250040    
  0.7797171       1.502645       2.250049    
  0.7780351       1.502951       2.250060    
  0.7760328       1.503271       2.250072    
  0.7737312       1.503602       2.250087    
  0.7711558       1.503945       2.250103    
  0.7683362       1.504295       2.250123    
  0.7653061       1.504652       2.250144    
  0.7621020       1.505013       2.250168    
  0.7587634       1.505376       2.250196    
  0.7553316       1.505737       2.250226    
  0.7518497       1.506094       2.250259    
  0.7483612       1.506445       2.250296    
  0.7449101       1.506788       2.250337    
  0.7415395       1.507118       2.250382    
  0.7382917       1.507435       2.250430    
  0.7352069       1.507736       2.250483    
  0.7323228       1.508018       2.250540    
  0.7296743       1.508279       2.250601    
  0.7272924       1.508517       2.250667    
  0.7252045       1.508731       2.250737    
  0.7234331       1.508919       2.250812    
  0.7219964       1.509080       2.250891    
  0.7209070       1.509212       2.250975    
  0.7201728       1.509315       2.251063    
  0.7197960       1.509388       2.251156    
  0.7197735       1.509432       2.251253    
  0.7200971       1.509445       2.251355    
  0.7207530       1.509429       2.251461    
  0.7217229       1.509384       2.251570    
  0.7229836       1.509310       2.251684    
  0.7245077       1.509208       2.251802    
  0.7262641       1.509081       2.251923    
  0.7282179       1.508928       2.252047    
  0.7303319       1.508751       2.252174    
  0.7325665       1.508553       2.252305    
  0.7348806       1.508335       2.252437    
  0.7372319       1.508098       2.252572    
  0.7395782       1.507844       2.252708    
  0.7418776       1.507576       2.252846    
  0.7440891       1.507296       2.252986    
  0.7461736       1.507004       2.253126    
  0.7480941       1.506703       2.253267    
  0.7498167       1.506395       2.253407    
  0.7513109       1.506080       2.253548    
  0.7525501       1.505761       2.253687    
  0.7535119       1.505439       2.253826    
  0.7541788       1.505115       2.253963    
  0.7545381       1.504789       2.254099    
  0.7545822       1.504463       2.254233    
  0.7543091       1.504137       2.254364    
  0.7537217       1.503811       2.254492    
  0.7528283       1.503486       2.254617    
  0.7516425       1.503161       2.254738    
  0.7501824       1.502836       2.254856    
  0.7484713       1.502511       2.254969    
  0.7465361       1.502184       2.255077    
  0.7444081       1.501856       2.255181    
  0.7421215       1.501526       2.255279    
  0.7397137       1.501192       2.255371    
  0.7372239       1.500853       2.255458    
  0.7346933       1.500509       2.255538    
  0.7321637       1.500158       2.255612    
  0.7296773       1.499800       2.255679    
  0.7272761       1.499432       2.255738    
  0.7250007       1.499054       2.255790    
  0.7228904       1.498666       2.255834    
  0.7209818       1.498266       2.255870    
  0.7193089       1.497854       2.255898    
  0.7179021       1.497428       2.255917    
  0.7167880       1.496990       2.255926    
  0.7159888       1.496538       2.255927    
  0.7155221       1.496073       2.255918    
  0.7154003       1.495595       2.255899    
  0.7156308       1.495105       2.255870    
  0.7162156       1.494602       2.255831    
  0.7171515       1.494089       2.255780    
  0.7184297       1.493567       2.255719    
  0.7200364       1.493036       2.255647    
  0.7219529       1.492498       2.255564    
  0.7241555       1.491956       2.255469    
  0.7266164       1.491412       2.255362    
  0.7293038       1.490866       2.255242    
  0.7321824       1.490323       2.255111    
  0.7352141       1.489783       2.254967    
  0.7383583       1.489250       2.254811    
  0.7415729       1.488726       2.254642    
  0.7448145       1.488214       2.254459    
  0.7480397       1.487717       2.254264    
  0.7512049       1.487236       2.254056    
  0.7542678       1.486774       2.253835    
  0.7571875       1.486334       2.253601    
  0.7599254       1.485917       2.253354    
  0.7624456       1.485527       2.253094    
  0.7647157       1.485165       2.252821    
  0.7667070       1.484832       2.252535    
  0.7683953       1.484530       2.252237    
  0.7697608       1.484260       2.251925    
  0.7707888       1.484024       2.251602    
  0.7714698       1.483822       2.251267    
  0.7717994       1.483654       2.250920    
  0.7717789       1.483521       2.250562    
  0.7714146       1.483423       2.250192    
  0.7707182       1.483358       2.249812    
  0.7697065       1.483328       2.249422    
  0.7684009       1.483330       2.249022    
  0.7668274       1.483365       2.248613    
  0.7650158       1.483429       2.248196    
  0.7629998       1.483523       2.247770    
  0.7608156       1.483644       2.247336    
  0.7585024       1.483791       2.246896    
  0.7561007       1.483961       2.246449    
  0.7536526       1.484153       2.245997    
  0.7512004       1.484365       2.245540    
  0.7487864       1.484594       2.245079    
  0.7464523       1.484838       2.244615    
  0.7442379       1.485096       2.244147    
  0.7421812       1.485366       2.243678    
  0.7403175       1.485644       2.243207    
  0.7386787       1.485931       2.242736    
  0.7372932       1.486223       2.242265    
  0.7361850       1.486520       2.241795    
  0.7353737       1.486820       2.241327    
  0.7348740       1.487121       2.240862    
  0.7346954       1.487424       2.240400    
  0.7348423       1.487726       2.239942    
  0.7353137       1.488028       2.239489    
  0.7361032       1.488330       2.239041    
  0.7371996       1.488630       2.238600    
  0.7385862       1.488929       2.238167    
  0.7402420       1.489228       2.237741    
  0.7421411       1.489526       2.237324    
  0.7442540       1.489825       2.236916    
  0.7465474       1.490124       2.236518    
  0.7489851       1.490425       2.236130    
  0.7515283       1.490729       2.235754    
  0.7541366       1.491036       2.235390    
  0.7567680       1.491348       2.235039    
  0.7593804       1.491666       2.234701    
  0.7619314       1.491990       2.234377    
  0.7643797       1.492322       2.234068    
  0.7666851       1.492663       2.233773    
  0.7688099       1.493013       2.233495    
  0.7707185       1.493374       2.233232    
  0.7723790       1.493745       2.232986    
  0.7737629       1.494128       2.232758    
  0.7748461       1.494521       2.232548    
  0.7756089       1.494927       2.232356    
  0.7760365       1.495344       2.232183    
  0.7761192       1.495771       2.232029    
  0.7758527       1.496210       2.231895    
  0.7752379       1.496657       2.231781    
  0.7742810       1.497114       2.231688    
  0.7729936       1.497578       2.231617    
  0.7713922       1.498048       2.231566    
  0.7694982       1.498522       2.231538    
  0.7673377       1.498999       2.231531    
  0.7649405       1.499476       2.231547    
  0.7623404       1.499952       2.231586    
  0.7595741       1.500424       2.231648    
  0.7566809       1.500890       2.231733    
  0.7537022       1.501348       2.231842    
  0.7506804       1.501795       2.231973    
  0.7476590       1.502228       2.232129    
  0.7446811       1.502647       2.232308    
  0.7417893       1.503048       2.232512    
  0.7390249       1.503429       2.232738    
  0.7364271       1.503788       2.232989    
  0.7340326       1.504123       2.233263    
  0.7318751       1.504432       2.233561    
  0.7299842       1.504715       2.233882    
  0.7283860       1.504969       2.234226    
  0.7271016       1.505193       2.234594    
  0.7261474       1.505386       2.234983    
  0.7255349       1.505549       2.235395    
  0.7252700       1.505680       2.235828    
  0.7253537       1.505780       2.236283    
  0.7257811       1.505848       2.236758    
  0.7265424       1.505886       2.237254    
  0.7276227       1.505893       2.237770    
  0.7290019       1.505872       2.238304    
  0.7306558       1.505822       2.238857    
  0.7325555       1.505746       2.239427    
  0.7346689       1.505646       2.240014    
  0.7369602       1.505523       2.240617    
  0.7393912       1.505378       2.241235    
  0.7419217       1.505215       2.241868    
  0.7445099       1.505035       2.242514    
  0.7471133       1.504841       2.243172    
  0.7496893       1.504634       2.243842    
  0.7521958       1.504418       2.244523    
  0.7545921       1.504194       2.245213    
  0.7568391       1.503965       2.245912    
  0.7589003       1.503732       2.246618    
  0.7607422       1.503499       2.247331    
  0.7623349       1.503266       2.248050    
  0.7636524       1.503035       2.248773    
  0.7646734       1.502809       2.249500    
  0.7653811       1.502588       2.250228    
  0.7657638       1.502373       2.250959    
  0.7658151       1.502166       2.251689    
  0.7655337       1.501967       2.252419    
  0.7649239       1.501778       2.253147    
  0.7639951       1.501597       2.253872    
  0.7627617       1.501425       2.254593    
  0.7612432       1.501263       2.255310    
  0.7594635       1.501109       2.256020    
  0.7574509       1.500964       2.256724    
  0.7552372       1.500826       2.257420    
  0.7528577       1.500696       2.258107    
  0.7503504       1.500571       2.258784    
  0.7477551       1.500451       2.259451    
  0.7451134       1.500336       2.260106    
  0.7424676       1.500223       2.260749    
  0.7398602       1.500112       2.261379    
  0.7373332       1.500002       2.261994    
  0.7349275       1.499891       2.262594    
  0.7326820       1.499778       2.263179    
  0.7306336       1.499664       2.263747    
  0.7288157       1.499546       2.264297    
  0.7272585       1.499425       2.264830    
  0.7259883       1.499299       2.265343    
  0.7250267       1.499169       2.265837    
  0.7243907       1.499033       2.266311    
  0.7240924       1.498894       2.266763    
  0.7241384       1.498750       2.267194    
  0.7245304       1.498602       2.267603    
  0.7252644       1.498450       2.267989    
  0.7263314       1.498297       2.268351    
  0.7277169       1.498142       2.268689    
  0.7294018       1.497987       2.269003    
  0.7313622       1.497834       2.269292    
  0.7335701       1.497684       2.269555    
  0.7359935       1.497538       2.269793    
  0.7385972       1.497399       2.270004    
  0.7413430       1.497269       2.270188    
  0.7441907       1.497150       2.270345    
  0.7470986       1.497043       2.270476    
  0.7500238       1.496951       2.270578    
  0.7529235       1.496875       2.270653    
  0.7557550       1.496818       2.270701    
  0.7584769       1.496782       2.270720    
  0.7610492       1.496768       2.270712    
  0.7634346       1.496778       2.270676    
  0.7655987       1.496813       2.270612    
  0.7675101       1.496875       2.270520    
  0.7691419       1.496964       2.270400    
  0.7704713       1.497083       2.270253    
  0.7714801       1.497230       2.270079    
  0.7721554       1.497407       2.269878    
  0.7724892       1.497613       2.269650    
  0.7724789       1.497849       2.269397    
  0.7721274       1.498114       2.269118    
  0.7714428       1.498407       2.268813    
  0.7704384       1.498727       2.268485    
  0.7691323       1.499073       2.268132    
  0.7675475       1.499444       2.267756    
  0.7657114       1.499837       2.267358    
  0.7636551       1.500252       2.266937    
  0.7614132       1.500685       2.266496    
  0.7590231       1.501135       2.266034    
  0.7565247       1.501599       2.265553    
  0.7539594       1.502075       2.265054    
  0.7513696       1.502560       2.264537    
  0.7487981       1.503052       2.264004    
  0.7462875       1.503549       2.263455    
  0.7438793       1.504047       2.262891    
  0.7416134       1.504544       2.262314    
  0.7395275       1.505037       2.261724    
  0.7376564       1.505526       2.261123    
  0.7360317       1.506006       2.260511    
  0.7346810       1.506477       2.259890    
  0.7336275       1.506936       2.259261    
  0.7328900       1.507383       2.258624    
  0.7324823       1.507814       2.257981    
  0.7324128       1.508230       2.257333    
  0.7326848       1.508629       2.256681    
  0.7332963       1.509011       2.256026    
  0.7342399       1.509374       2.255369    
  0.7355030       1.509719       2.254712    
  0.7370680       1.510046       2.254054    
  0.7389126       1.510355       2.253398    
  0.7410102       1.510646       2.252744    
  0.7433302       1.510920       2.252093    
  0.7458383       1.511177       2.251446    
  0.7484977       1.511419       2.250805    
  0.7512687       1.511646       2.250170    
  0.7541105       1.511859       2.249541    
  0.7569804       1.512059       2.248921    
  0.7598360       1.512248       2.248310    
  0.7626346       1.512427       2.247708    
  0.7653346       1.512597       2.247117    
  0.7678959       1.512759       2.246538    
  0.7702806       1.512914       2.245971    
  0.7724534       1.513063       2.245417    
  0.7743825       1.513207       2.244877    
  0.7760398       1.513346       2.244351    
  0.7774014       1.513482       2.243841    
  0.7784480       1.513614       2.243347    
  0.7791652       1.513742       2.242870    
  0.7795439       1.513867       2.242410    
  0.7795799       1.513989       2.241969    
  0.7792748       1.514107       2.241546    
  0.7786351       1.514220       2.241143    
  0.7776728       1.514328       2.240760    
  0.7764047       1.514429       2.240397    
  0.7748525       1.514523       2.240055    
  0.7730422       1.514608       2.239735    
  0.7710038       1.514683       2.239437    
  0.7687709       1.514747       2.239161    
  0.7663802       1.514796       2.238908    
  0.7638705       1.514831       2.238678    
  0.7612828       1.514848       2.238471    
  0.7586591       1.514847       2.238288    
  0.7560418       1.514825       2.238129    
  0.7534733       1.514782       2.237994    
  0.7509954       1.514714       2.237884    
  0.7486480       1.514621       2.237797    
  0.7464691       1.514501       2.237736    
  0.7444942       1.514354       2.237698    
  0.7427552       1.514177       2.237685    
  0.7412806       1.513970       2.237696    
  0.7400944       1.513732       2.237732    
  0.7392162       1.513463       2.237791    
  0.7386608       1.513164       2.237874    
  0.7384376       1.512833       2.237980    
  0.7385510       1.512471       2.238110    
  0.7390000       1.512078       2.238262    
  0.7397781       1.511657       2.238436    
  0.7408738       1.511207       2.238632    
  0.7422704       1.510730       2.238849    
  0.7439464       1.510228       2.239087    
  0.7458759       1.509703       2.239345    
  0.7480289       1.509156       2.239623    
  0.7503718       1.508590       2.239919    
  0.7528678       1.508007       2.240233    
  0.7554778       1.507410       2.240564    
  0.7581608       1.506801       2.240912    
  0.7608742       1.506183       2.241276    
  0.7635750       1.505559       2.241654    
  0.7662204       1.504931       2.242046    
  0.7687681       1.504301       2.242451    
  0.7711773       1.503674       2.242868    
  0.7734091       1.503051       2.243296    
  0.7754273       1.502434       2.243735    
  0.7771990       1.501826       2.244183    
  0.7786946       1.501230       2.244640    
  0.7798890       1.500646       2.245104    
  0.7807616       1.500077       2.245574    
  0.7812966       1.499525       2.246050    
  0.7814831       1.498991       2.246531    
  0.7813159       1.498475       2.247015    
  0.7807947       1.497979       2.247502    
  0.7799249       1.497504       2.247991    
  0.7787169       1.497049       2.248481    
  0.7771865       1.496614       2.248971    
  0.7753541       1.496201       2.249460    
  0.7732447       1.495807       2.249948    
  0.7708875       1.495434       2.250433    
  0.7683154       1.495079       2.250915    
  0.7655645       1.494743       2.251392    
  0.7626734       1.494424       2.251864    
  0.7596828       1.494121       2.252331    
  0.7566348       1.493833       2.252791    
  0.7535722       1.493558       2.253243    
  0.7505379       1.493296       2.253688    
  0.7475741       1.493045       2.254123    
  0.7447219       1.492803       2.254549    
  0.7420204       1.492571       2.254965    
  0.7395062       1.492345       2.255370    
  0.7372128       1.492126       2.255764    
  0.7351703       1.491912       2.256145    
  0.7334045       1.491703       2.256514    
  0.7319369       1.491498       2.256870    
  0.7307842       1.491297       2.257211    
  0.7299581       1.491099       2.257538    
  0.7294648       1.490904       2.257850    
  0.7293056       1.490712       2.258147    
  0.7294763       1.490525       2.258428    
  0.7299674       1.490341       2.258692    
  0.7307644       1.490163       2.258939    
  0.7318481       1.489990       2.259169    
  0.7331943       1.489824       2.259381    
  0.7347750       1.489666       2.259575    
  0.7365584       1.489518       2.259751    
  0.7385095       1.489380       2.259907    
  0.7405906       1.489255       2.260045    
  0.7427620       1.489143       2.260164    
  0.7449824       1.489047       2.260263    
  0.7472098       1.488968       2.260342    
  0.7494023       1.488907       2.260402    
  0.7515183       1.488866       2.260441    
  0.7535174       1.488847       2.260461    
  0.7553613       1.488850       2.260460    
  0.7570137       1.488877       2.260440    
  0.7584417       1.488929       2.260399    
  0.7596160       1.489007       2.260339    
  0.7605109       1.489111       2.260258    
  0.7611057       1.489242       2.260159    
  0.7613839       1.489399       2.260039    
  0.7613344       1.489583       2.259901    
  0.7609513       1.489794       2.259743    
  0.7602338       1.490030       2.259567    
  0.7591866       1.490291       2.259373    
  0.7578197       1.490576       2.259161    
  0.7561481       1.490883       2.258932    
  0.7541918       1.491212       2.258685    
  0.7519753       1.491559       2.258423    
  0.7495275       1.491924       2.258144    
  0.7468810       1.492303       2.257851    
  0.7440717       1.492695       2.257542    
  0.7411381       1.493097       2.257220    
  0.7381210       1.493507       2.256884    
  0.7350628       1.493922       2.256536    
  0.7320066       1.494339       2.256176    
  0.7289957       1.494756       2.255804    
  0.7260730       1.495170       2.255422    
  0.7232802       1.495578       2.255030    
  0.7206573       1.495979       2.254629    
  0.7182420       1.496369       2.254220    
  0.7160689       1.496746       2.253803    
  0.7141690       1.497108       2.253380    
  0.7125695       1.497454       2.252950    
  0.7112930       1.497781       2.252515    
  0.7103577       1.498088       2.252076    
  0.7097763       1.498375       2.251633    
  0.7095568       1.498639       2.251186    
  0.7097012       1.498880       2.250738    
  0.7102069       1.499098       2.250288    
  0.7110653       1.499292       2.249837    
  0.7122630       1.499462       2.249385    
  0.7137815       1.499610       2.248935    
  0.7155976       1.499734       2.248485    
  0.7176837       1.499836       2.248037    
  0.7200086       1.499917       2.247591    
  0.7225372       1.499978       2.247148    
  0.7252321       1.500019       2.246709    
  0.7280531       1.500043       2.246274    
  0.7309587       1.500051       2.245843    
  0.7339063       1.500045       2.245418    
  0.7368529       1.500025       2.244999    
  0.7397558       1.499994       2.244586    
  0.7425734       1.499954       2.244179    
  0.7452658       1.499905       2.243780    
  0.7477950       1.499849       2.243389    
  0.7501262       1.499788       2.243006    
  0.7522278       1.499723       2.242631    
  0.7540721       1.499655       2.242266    
  0.7556357       1.499586       2.241910    
  0.7568999       1.499515       2.241563    
  0.7578507       1.499444       2.241227    
  0.7584795       1.499373       2.240902    
  0.7587830       1.499303       2.240587    
  0.7587629       1.499233       2.240284    
  0.7584264       1.499164       2.239993    
  0.7577860       1.499094       2.239714    
  0.7568588       1.499025       2.239447    
  0.7556667       1.498954       2.239192    
  0.7542362       1.498882       2.238950    
  0.7525972       1.498806       2.238722    
  0.7507834       1.498727       2.238506    
  0.7488313       1.498643       2.238305    
  0.7467796       1.498552       2.238117    
  0.7446688       1.498453       2.237943    
  0.7425403       1.498346       2.237783    
  0.7404360       1.498229       2.237638    
  0.7383975       1.498100       2.237507    
  0.7364655       1.497958       2.237390    
  0.7346790       1.497803       2.237288    
  0.7330748       1.497633       2.237200    
  0.7316869       1.497447       2.237127    
  0.7305460       1.497244       2.237068    
  0.7296789       1.497025       2.237024    
  0.7291083       1.496789       2.236994    
  0.7288519       1.496536       2.236978    
  0.7289228       1.496265       2.236977    
  0.7293289       1.495978       2.236989    
  0.7300727       1.495674       2.237015    
  0.7311513       1.495356       2.237055    
  0.7325568       1.495023       2.237108    
  0.7342758       1.494678       2.237174    
  0.7362901       1.494321       2.237253    
  0.7385766       1.493955       2.237344    
  0.7411079       1.493581       2.237447    
  0.7438527       1.493202       2.237562    
  0.7467762       1.492820       2.237688    
  0.7498404       1.492437       2.237825    
  0.7530052       1.492055       2.237973    
  0.7562287       1.491678       2.238130    
  0.7594677       1.491308       2.238298    
  0.7626788       1.490947       2.238474    
  0.7658186       1.490598       2.238659    
  0.7688446       1.490264       2.238853    
  0.7717159       1.489947       2.239054    
  0.7743937       1.489649       2.239263    
  0.7768421       1.489373       2.239479    
  0.7790281       1.489120       2.239701    
  0.7809231       1.488893       2.239930    
  0.7825022       1.488692       2.240164    
  0.7837455       1.488520       2.240403    
  0.7846378       1.488377       2.240647    
  0.7851692       1.488265       2.240895    
  0.7853351       1.488184       2.241148    
  0.7851362       1.488134       2.241404    
  0.7845787       1.488116       2.241663    
  0.7836739       1.488129       2.241925    
  0.7824383       1.488172       2.242191    
  0.7808931       1.488247       2.242458    
  0.7790642       1.488350       2.242728    
  0.7769814       1.488482       2.242999    
  0.7746781       1.488640       2.243272    
  0.7721909       1.488824       2.243546    
  0.7695589       1.489032       2.243822    
  0.7668232       1.489262       2.244098    
  0.7640259       1.489513       2.244375    
  0.7612100       1.489781       2.244652    
  0.7584183       1.490067       2.244929    
  0.7556930       1.490366       2.245207    
  0.7530747       1.490679       2.245485    
  0.7506023       1.491002       2.245762    
  0.7483119       1.491334       2.246040    
  0.7462364       1.491673       2.246316    
  0.7444053       1.492018       2.246593    
  0.7428436       1.492367       2.246868    
  0.7415721       1.492720       2.247143    
  0.7406067       1.493074       2.247416    
  0.7399581       1.493429       2.247689    
  0.7396320       1.493785       2.247960    
  0.7396284       1.494141       2.248230    
  0.7399426       1.494497       2.248498    
  0.7405642       1.494852       2.248765    
  0.7414780       1.495207       2.249030    
  0.7426639       1.495562       2.249294    
  0.7440974       1.495917       2.249555    
  0.7457498       1.496274       2.249815    
  0.7475889       1.496632       2.250072    
  0.7495795       1.496993       2.250328    
  0.7516838       1.497358       2.250581    
  0.7538618       1.497727       2.250831    
  0.7560725       1.498102       2.251079    
  0.7582742       1.498484       2.251325    
  0.7604252       1.498874       2.251568    
  0.7624844       1.499273       2.251808    
  0.7644121       1.499682       2.252046    
  0.7661707       1.500101       2.252281    
  0.7677249       1.500532       2.252513    
  0.7690429       1.500975       2.252742    
  0.7700962       1.501430       2.252969    
  0.7708605       1.501898       2.253192    
  0.7713161       1.502379       2.253413    
  0.7714481       1.502872       2.253631    
  0.7712467       1.503377       2.253846    
  0.7707071       1.503894       2.254059    
  0.7698302       1.504422       2.254269    
  0.7686218       1.504959       2.254476    
  0.7670934       1.505504       2.254681    
  0.7652612       1.506056       2.254883    
  0.7631465       1.506614       2.255083    
  0.7607749       1.507174       2.255281    
  0.7581764       1.507735       2.255477    
  0.7553846       1.508296       2.255671    
  0.7524362       1.508853       2.255863    
  0.7493704       1.509404       2.256053    
  0.7462286       1.509947       2.256241    
  0.7430537       1.510479       2.256428    
  0.7398890       1.510997       2.256613    
  0.7367780       1.511500       2.256797    
  0.7337638       1.511984       2.256979    
  0.7308878       1.512447       2.257161    
  0.7281898       1.512888       2.257341    
  0.7257071       1.513303       2.257520    
  0.7234737       1.513691       2.257698    
  0.7215201       1.514050       2.257875    
  0.7198727       1.514379       2.258051    
  0.7185535       1.514675       2.258226    
  0.7175796       1.514939       2.258400    
  0.7169630       1.515169       2.258572    
  0.7167104       1.515365       2.258744    
  0.7168232       1.515526       2.258914    
  0.7172975       1.515653       2.259082    
  0.7181239       1.515745       2.259249    
  0.7192879       1.515803       2.259414    
  0.7207702       1.515828       2.259578    
  0.7225467       1.515821       2.259739    
  0.7245891       1.515783       2.259898    
  0.7268653       1.515716       2.260055    
  0.7293399       1.515621       2.260209    
  0.7319747       1.515499       2.260360    
  0.7347294       1.515354       2.260507    
  0.7375621       1.515186       2.260651    
  0.7404301       1.514998       2.260791    
  0.7432904       1.514792       2.260927    
  0.7461005       1.514571       2.261059    
  0.7488191       1.514335       2.261186    
  0.7514063       1.514088       2.261308    
  0.7538251       1.513831       2.261424    
  0.7560409       1.513567       2.261535    
  0.7580231       1.513296       2.261640    
  0.7597446       1.513021       2.261739    
  0.7611830       1.512744       2.261831    
  0.7623204       1.512465       2.261916    
  0.7631439       1.512185       2.261995    
  0.7636458       1.511906       2.262066    
  0.7638238       1.511629       2.262129    
  0.7636807       1.511353       2.262184    
  0.7632247       1.511079       2.262231    
  0.7624691       1.510807       2.262270    
  0.7614321       1.510537       2.262300    
  0.7601364       1.510269       2.262322    
  0.7586091       1.510002       2.262335    
  0.7568809       1.509736       2.262338    
  0.7549862       1.509470       2.262332    
  0.7529618       1.509202       2.262316    
  0.7508467       1.508933       2.262291    
  0.7486817       1.508661       2.262257    
  0.7465082       1.508384       2.262212    
  0.7443683       1.508103       2.262157    
  0.7423031       1.507816       2.262092    
  0.7403532       1.507522       2.262017    
  0.7385569       1.507219       2.261931    
  0.7369507       1.506908       2.261835    
  0.7355679       1.506588       2.261729    
  0.7344384       1.506258       2.261612    
  0.7335881       1.505917       2.261484    
  0.7330388       1.505566       2.261346    
  0.7328073       1.505204       2.261197    
  0.7329056       1.504832       2.261037    
  0.7333404       1.504450       2.260867    
  0.7341133       1.504059       2.260685    
  0.7352203       1.503659       2.260493    
  0.7366524       1.503253       2.260290    
  0.7383952       1.502840       2.260077    
  0.7404294       1.502422       2.259852    
  0.7427312       1.502002       2.259617    
  0.7452723       1.501581       2.259371    
  0.7480206       1.501160       2.259114    
  0.7509407       1.500743       2.258846    
  0.7539942       1.500330       2.258568    
  0.7571406       1.499925       2.258279    
  0.7603377       1.499530       2.257980    
  0.7635422       1.499147       2.257671    
  0.7667106       1.498778       2.257352    
  0.7697998       1.498426       2.257022    
  0.7727676       1.498092       2.256683    
  0.7755734       1.497780       2.256334    
  0.7781791       1.497490       2.255976    
  0.7805492       1.497224       2.255609    
  0.7826519       1.496985       2.255233    
  0.7844590       1.496773       2.254849    
  0.7859468       1.496590       2.254456    
  0.7870964       1.496436       2.254056    
  0.7878936       1.496313       2.253649    
  0.7883296       1.496220       2.253235    
  0.7884009       1.496158       2.252814    
  0.7881094       1.496127       2.252388    
  0.7874623       1.496125       2.251956    
  0.7864720       1.496154       2.251519    
  0.7851561       1.496211       2.251078    
  0.7835367       1.496295       2.250633    
  0.7816405       1.496406       2.250185    
  0.7794982       1.496541       2.249734    
  0.7771439       1.496698       2.249282    
  0.7746147       1.496877       2.248828    
  0.7719501       1.497073       2.248374    
  0.7691916       1.497287       2.247921    
  0.7663814       1.497514       2.247468    
  0.7635626       1.497753       2.247016    
  0.7607778       1.498002       2.246567    
  0.7580690       1.498257       2.246122    
  0.7554765       1.498518       2.245679    
  0.7530386       1.498781       2.245242    
  0.7507908       1.499044       2.244809    
  0.7487653       1.499306       2.244383    
  0.7469906       1.499565       2.243963    
  0.7454909       1.499818       2.243550    
  0.7442859       1.500065       2.243145    
  0.7433905       1.500303       2.242749    
  0.7428142       1.500533       2.242362    
  0.7425616       1.500752       2.241985    
  0.7426317       1.500961       2.241618    
  0.7430183       1.501159       2.241263    
  0.7437100       1.501345       2.240919    
  0.7446906       1.501521       2.240587    
  0.7459388       1.501684       2.240269    
  0.7474293       1.501838       2.239963    
  0.7491323       1.501981       2.239671    
  0.7510150       1.502114       2.239393    
  0.7530413       1.502239       2.239130    
  0.7551727       1.502356       2.238882    
  0.7573689       1.502466       2.238649    
  0.7595887       1.502571       2.238432    
  0.7617899       1.502671       2.238231    
  0.7639307       1.502768       2.238046    
  0.7659702       1.502863       2.237878    
  0.7678688       1.502957       2.237727    
  0.7695891       1.503050       2.237593    
  0.7710963       1.503144       2.237477    
  0.7723589       1.503240       2.237378    
  0.7733490       1.503338       2.237297    
  0.7740432       1.503438       2.237234    
  0.7744223       1.503541       2.237190    
  0.7744724       1.503647       2.237163    
  0.7741841       1.503755       2.237154    
  0.7735539       1.503866       2.237164    
  0.7725832       1.503979       2.237193    
  0.7712790       1.504093       2.237240    
  0.7696533       1.504208       2.237306    
  0.7677231       1.504321       2.237390    
  0.7655106       1.504433       2.237492    
  0.7630420       1.504540       2.237613    
  0.7603477       1.504643       2.237752    
  0.7574618       1.504739       2.237910    
  0.7544214       1.504825       2.238086    
  0.7512660       1.504901       2.238279    
  0.7480372       1.504965       2.238490    
  0.7447776       1.505014       2.238719    
  0.7415305       1.505046       2.238965    
  0.7383394       1.505060       2.239228    
  0.7352465       1.505053       2.239507    
  0.7322932       1.505024       2.239803    
  0.7295184       1.504972       2.240115    
  0.7269587       1.504894       2.240442    
  0.7246473       1.504790       2.240784    
  0.7226138       1.504658       2.241141    
  0.7208835       1.504497       2.241511    
  0.7194774       1.504308       2.241895    
  0.7184115       1.504089       2.242292    
  0.7176966       1.503840       2.242702    
  0.7173383       1.503561       2.243122    
  0.7173369       1.503253       2.243554    
  0.7176872       1.502917       2.243995    
  0.7183788       1.502553       2.244447    
  0.7193963       1.502163       2.244906    
  0.7207192       1.501747       2.245373    
  0.7223226       1.501308       2.245847    
  0.7241774       1.500847       2.246328    
  0.7262509       1.500367       2.246813    
  0.7285071       1.499870       2.247302    
  0.7309074       1.499357       2.247795    
  0.7334112       1.498832       2.248290    
  0.7359765       1.498297       2.248787    
  0.7385606       1.497755       2.249284    
  0.7411207       1.497208       2.249780    
  0.7436146       1.496658       2.250275    
  0.7460014       1.496109       2.250768    
  0.7482421       1.495563       2.251257    
  0.7503001       1.495022       2.251742    
  0.7521420       1.494489       2.252222    
  0.7537380       1.493965       2.252695    
  0.7550622       1.493453       2.253161    
  0.7560933       1.492954       2.253619    
  0.7568147       1.492470       2.254068    
  0.7572150       1.492003       2.254508    
  0.7572877       1.491552       2.254936    
  0.7570320       1.491120       2.255354    
  0.7564522       1.490707       2.255759    
  0.7555578       1.490314       2.256151    
  0.7543636       1.489939       2.256529    
  0.7528890       1.489585       2.256893    
  0.7511582       1.489249       2.257242    
  0.7491995       1.488932       2.257575    
  0.7470447       1.488634       2.257891    
  0.7447293       1.488352       2.258191    
  0.7422910       1.488087       2.258473    
  0.7397698       1.487837       2.258737    
  0.7372071       1.487602       2.258982    
  0.7346451       1.487380       2.259209    
  0.7321262       1.487170       2.259416    
  0.7296920       1.486970       2.259603    
  0.7273831       1.486780       2.259770    
  0.7252384       1.486599       2.259917    
  0.7232940       1.486425       2.260043    
  0.7215832       1.486258       2.260148    
  0.7201359       1.486096       2.260231    
  0.7189775       1.485939       2.260293    
  0.7181295       1.485787       2.260334    
  0.7176084       1.485639       2.260352    
  0.7174256       1.485496       2.260349    
  0.7175876       1.485356       2.260324    
  0.7180952       1.485221       2.260276    
  0.7189441       1.485091       2.260206    
  0.7201246       1.484967       2.260115    
  0.7216220       1.484849       2.260001    
  0.7234168       1.484738       2.259866    
  0.7254845       1.484636       2.259708    
  0.7277969       1.484543       2.259529    
  0.7303214       1.484463       2.259328    
  0.7330227       1.484395       2.259106    
  0.7358624       1.484341       2.258862    
  0.7388000       1.484304       2.258598    
  0.7417938       1.484285       2.258313    
  0.7448007       1.484286       2.258008    
  0.7477779       1.484308       2.257684    
  0.7506827       1.484353       2.257339    
  0.7534736       1.484422       2.256976    
  0.7561110       1.484518       2.256594    
  0.7585577       1.484641       2.256195    
  0.7607793       1.484792       2.255778    
  0.7627449       1.484973       2.255344    
  0.7644278       1.485184       2.254894    
  0.7658054       1.485426       2.254429    
  0.7668600       1.485698       2.253949    
  0.7675790       1.486002       2.253455    
  0.7679547       1.486336       2.252948    
  0.7679850       1.486700       2.252429    
  0.7676732       1.487094       2.251899    
  0.7670276       1.487516       2.251358    
  0.7660618       1.487966       2.250808    
  0.7647946       1.488441       2.250249    
  0.7632493       1.488940       2.249682    
  0.7614533       1.489461       2.249110    
  0.7594381       1.490001       2.248531    
  0.7572386       1.490560       2.247948    
  0.7548923       1.491133       2.247362    
  0.7524394       1.491719       2.246773    
  0.7499212       1.492315       2.246184    
  0.7473803       1.492918       2.245594    
  0.7448595       1.493525       2.245006    
  0.7424013       1.494134       2.244419    
  0.7400472       1.494743       2.243836    
  0.7378368       1.495347       2.243258    
  0.7358079       1.495946       2.242685    
  0.7339950       1.496537       2.242118    
  0.7324293       1.497116       2.241559    
  0.7311382       1.497683       2.241009    
  0.7301447       1.498236       2.240469    
  0.7294671       1.498772       2.239939    
  0.7291188       1.499290       2.239422    
  0.7291081       1.499790       2.238917    
  0.7294378       1.500270       2.238426    
  0.7301054       1.500730       2.237950    
  0.7311032       1.501168       2.237489    
  0.7324184       1.501586       2.237044    
  0.7340329       1.501982       2.236617    
  0.7359241       1.502357       2.236207    
  0.7380652       1.502712       2.235817    
  0.7404252       1.503048       2.235445    
  0.7429698       1.503364       2.235094    
  0.7456617       1.503662       2.234764    
  0.7484614       1.503944       2.234455    
  0.7513277       1.504210       2.234168    
  0.7542182       1.504461       2.233903    
  0.7570901       1.504700       2.233661    
  0.7599010       1.504926       2.233443    
  0.7626094       1.505143       2.233248    
  0.7651753       1.505350       2.233078    
  0.7675610       1.505550       2.232932    
  0.7697314       1.505743       2.232811    
  0.7716550       1.505931       2.232715    
  0.7733039       1.506114       2.232644    
  0.7746545       1.506293       2.232599    
  0.7756881       1.506468       2.232579    
  0.7763905       1.506641       2.232585    
  0.7767529       1.506811       2.232618    
  0.7767718       1.506979       2.232676    
  0.7764490       1.507144       2.232760    
  0.7757913       1.507306       2.232870    
  0.7748113       1.507464       2.233007    
  0.7735260       1.507617       2.233169    
  0.7719574       1.507766       2.233357    
  0.7701320       1.507908       2.233571    
  0.7680801       1.508042       2.233810    
  0.7658356       1.508168       2.234074    
  0.7634352       1.508283       2.234364    
  0.7609181       1.508387       2.234678    
  0.7583255       1.508477       2.235016    
  0.7556992       1.508553       2.235379    
  0.7530820       1.508612       2.235765    
  0.7505163       1.508654       2.236175    
  0.7480435       1.508677       2.236607    
  0.7457038       1.508679       2.237061    
  0.7435350       1.508659       2.237537    
  0.7415724       1.508617       2.238034    
  0.7398478       1.508551       2.238551    
  0.7383894       1.508461       2.239088    
  0.7372211       1.508346       2.239644    
  0.7363622       1.508206       2.240218    
  0.7358270       1.508042       2.240810    
  0.7356250       1.507852       2.241418    
  0.7357600       1.507639       2.242041    
  0.7362308       1.507402       2.242680    
  0.7370307       1.507142       2.243332    
  0.7381479       1.506861       2.243997    
  0.7395654       1.506561       2.244673    
  0.7412616       1.506242       2.245361    
  0.7432103       1.505907       2.246058    
  0.7453814       1.505558       2.246763    
  0.7477412       1.505197       2.247477    
  0.7502528       1.504826       2.248197    
  0.7528771       1.504449       2.248922    
  0.7555729       1.504067       2.249651    
  0.7582979       1.503683       2.250383    
  0.7610092       1.503300       2.251117    
  0.7636641       1.502920       2.251851    
  0.7662206       1.502547       2.252585    
  0.7686380       1.502182       2.253318    
  0.7708779       1.501828       2.254048    
  0.7729043       1.501487       2.254773    
  0.7746847       1.501162       2.255494    
  0.7761900       1.500855       2.256209    
  0.7773955       1.500566       2.256916    
  0.7782812       1.500299       2.257615    
  0.7788315       1.500053       2.258305    
  0.7790363       1.499831       2.258984    
  0.7788908       1.499632       2.259652    
  0.7783953       1.499459       2.260308    
  0.7775556       1.499310       2.260950    
  0.7763827       1.499186       2.261579    
  0.7748929       1.499087       2.262192    
  0.7731069       1.499013       2.262790    
  0.7710504       1.498962       2.263371    
  0.7687528       1.498934       2.263934    
  0.7662475       1.498927       2.264480    
  0.7635707       1.498942       2.265007    
  0.7607614       1.498976       2.265514    
  0.7578607       1.499027       2.266001    
  0.7549106       1.499094       2.266468    
  0.7519542       1.499176       2.266913    
  0.7490344       1.499271       2.267337    
  0.7461935       1.499377       2.267739    
  0.7434724       1.499493       2.268118    
  0.7409102       1.499616       2.268474    
  0.7385435       1.499746       2.268807    
  0.7364054       1.499880       2.269116    
  0.7345259       1.500019       2.269401    
  0.7329304       1.500159       2.269662    
  0.7316403       1.500301       2.269898    
  0.7306718       1.500444       2.270110    
  0.7300362       1.500586       2.270297    
  0.7297396       1.500728       2.270458    
  0.7297827       1.500869       2.270595    
  0.7301610       1.501009       2.270707    
  0.7308645       1.501148       2.270793    
  0.7318785       1.501287       2.270854    
  0.7331831       1.501426       2.270890    
  0.7347541       1.501566       2.270900    
  0.7365630       1.501707       2.270885    
  0.7385776       1.501850       2.270846    
  0.7407627       1.501998       2.270781    
  0.7430802       1.502149       2.270692    
  0.7454902       1.502307       2.270578    
  0.7479513       1.502472       2.270439    
  0.7504215       1.502646       2.270277    
  0.7528583       1.502829       2.270091    
  0.7552204       1.503022       2.269882    
  0.7574671       1.503228       2.269650    
  0.7595600       1.503447       2.269395    
  0.7614632       1.503679       2.269118    
  0.7631437       1.503926       2.268819    
  0.7645719       1.504188       2.268499    
  0.7657226       1.504466       2.268159    
  0.7665750       1.504759       2.267799    
  0.7671127       1.505068       2.267420    
  0.7673249       1.505392       2.267022    
  0.7672054       1.505731       2.266606    
  0.7667539       1.506084       2.266173    
  0.7659749       1.506450       2.265724    
  0.7648787       1.506828       2.265259    
  0.7634802       1.507216       2.264779    
  0.7617995       1.507613       2.264285    
  0.7598611       1.508017       2.263778    
  0.7576937       1.508425       2.263259    
  0.7553300       1.508836       2.262728    
  0.7528056       1.509248       2.262187    
  0.7501590       1.509657       2.261637    
  0.7474306       1.510061       2.261078    
  0.7446626       1.510459       2.260512    
  0.7418976       1.510846       2.259939    
  0.7391788       1.511221       2.259360    
  0.7365484       1.511581       2.258777    
  0.7340478       1.511924       2.258190    
  0.7317165       1.512247       2.257600    
  0.7295913       1.512548       2.257008    
  0.7277063       1.512825       2.256415    
  0.7260919       1.513075       2.255823    
  0.7247745       1.513298       2.255231    
  0.7237763       1.513492       2.254641    
  0.7231143       1.513656       2.254054    
  0.7228007       1.513788       2.253470    
  0.7228425       1.513888       2.252890    
  0.7232413       1.513955       2.252316    
  0.7239934       1.513990       2.251747    
  0.7250896       1.513992       2.251185    
  0.7265156       1.513961       2.250630    
  0.7282522       1.513899       2.250083    
  0.7302756       1.513806       2.249545    
  0.7325576       1.513683       2.249016    
  0.7350661       1.513531       2.248497    
  0.7377658       1.513352       2.247988    
  0.7406184       1.513147       2.247489    
  0.7435836       1.512918       2.247003    
  0.7466192       1.512668       2.246528    
  0.7496822       1.512397       2.246065    
  0.7527295       1.512108       2.245615    
  0.7557181       1.511803       2.245178    
  0.7586062       1.511483       2.244755    
  0.7613536       1.511152       2.244345    
  0.7639224       1.510810       2.243949    
  0.7662777       1.510459       2.243568    
  0.7683880       1.510101       2.243201    
  0.7702257       1.509739       2.242849    
  0.7717674       1.509372       2.242512    
  0.7729946       1.509002       2.242191    
  0.7738937       1.508631       2.241884    
  0.7744560       1.508259       2.241594    
  0.7746785       1.507886       2.241318    
  0.7745634       1.507514       2.241059    
  0.7741180       1.507142       2.240816    
  0.7733550       1.506771       2.240588    
  0.7722919       1.506400       2.240377    
  0.7709509       1.506029       2.240181    
  0.7693586       1.505657       2.240002    
  0.7675455       1.505285       2.239838    
  0.7655452       1.504910       2.239691    
  0.7633945       1.504532       2.239560    
  0.7611324       1.504151       2.239444    
  0.7587994       1.503765       2.239344    
  0.7564372       1.503373       2.239260    
  0.7540878       1.502974       2.239192    
  0.7517928       1.502567       2.239139    
  0.7495931       1.502151       2.239101    
  0.7475275       1.501726       2.239078    
  0.7456331       1.501290       2.239069    
  0.7439437       1.500843       2.239076    
  0.7424901       1.500384       2.239096    
  0.7412990       1.499913       2.239130    
  0.7403929       1.499430       2.239178    
  0.7397898       1.498934       2.239239    
  0.7395025       1.498427       2.239313    
  0.7395388       1.497909       2.239400    
  0.7399014       1.497380       2.239498    
  0.7405873       1.496841       2.239608    
  0.7415885       1.496294       2.239728    
  0.7428918       1.495740       2.239859    
  0.7444789       1.495180       2.240000    
  0.7463269       1.494616       2.240151    
  0.7484086       1.494051       2.240311    
  0.7506928       1.493486       2.240479    
  0.7531450       1.492924       2.240655    
  0.7557275       1.492366       2.240838    
  0.7584006       1.491816       2.241028    
  0.7611226       1.491276       2.241224    
  0.7638512       1.490748       2.241425    
  0.7665431       1.490235       2.241632    
  0.7691556       1.489740       2.241843    
  0.7716470       1.489264       2.242057    
  0.7739770       1.488810       2.242275    
  0.7761075       1.488380       2.242495    
  0.7780035       1.487977       2.242718    
  0.7796328       1.487601       2.242942    
  0.7809676       1.487256       2.243167    
  0.7819841       1.486941       2.243392    
  0.7826632       1.486658       2.243618    
  0.7829907       1.486409       2.243844    
  0.7829577       1.486193       2.244068    
  0.7825606       1.486012       2.244292    
  0.7818011       1.485865       2.244514    
  0.7806863       1.485752       2.244733    
  0.7792286       1.485673       2.244951    
  0.7774453       1.485627       2.245166    
  0.7753586       1.485613       2.245378    
  0.7729954       1.485631       2.245586    
  0.7703862       1.485677       2.245791    
  0.7675653       1.485752       2.245993    
  0.7645702       1.485853       2.246191    
  0.7614405       1.485979       2.246384    
  0.7582181       1.486127       2.246573    
  0.7549456       1.486296       2.246758    
  0.7516667       1.486482       2.246939    
  0.7484247       1.486685       2.247115    
  0.7452621       1.486902       2.247286    
  0.7422200       1.487130       2.247452    
  0.7393376       1.487368       2.247613    
  0.7366512       1.487613       2.247770    
  0.7341940       1.487865       2.247921    
  0.7319956       1.488120       2.248068    
  0.7300811       1.488378       2.248209    
  0.7284715       1.488636       2.248346    
  0.7271826       1.488894       2.248477    
  0.7262251       1.489151       2.248603    
  0.7256048       1.489406       2.248725    
  0.7253217       1.489657       2.248841    
  0.7253708       1.489906       2.248952    
  0.7257417       1.490151       2.249059    
  0.7264193       1.490392       2.249160    
  0.7273832       1.490630       2.249256    
  0.7286089       1.490865       2.249348    
  0.7300677       1.491098       2.249434    
  0.7317274       1.491329       2.249516    
  0.7335526       1.491560       2.249593    
  0.7355053       1.491790       2.249665    
  0.7375460       1.492021       2.249733    
  0.7396334       1.492254       2.249796    
  0.7417259       1.492490       2.249854    
  0.7437818       1.492731       2.249907    
  0.7457602       1.492976       2.249957    
  0.7476215       1.493228       2.250001    
  0.7493282       1.493486       2.250042    
  0.7508453       1.493753       2.250078    
  0.7521408       1.494027       2.250111    
  0.7531867       1.494311       2.250139    
  0.7539588       1.494604       2.250164    
  0.7544376       1.494906       2.250185    
  0.7546084       1.495218       2.250203    
  0.7544614       1.495539       2.250218    
  0.7539922       1.495868       2.250230    
  0.7532017       1.496205       2.250239    
  0.7520959       1.496549       2.250245    
  0.7506863       1.496899       2.250248    
  0.7489893       1.497253       2.250250    
  0.7470261       1.497610       2.250249    
  0.7448224       1.497969       2.250247    
  0.7424080       1.498327       2.250242    
  0.7398162       1.498683       2.250237    
  0.7370838       1.499034       2.250231    
  0.7342497       1.499378       2.250223    
  0.7313549       1.499714       2.250215    
  0.7284419       1.500038       2.250206    
  0.7255537       1.500349       2.250198    
  0.7227333       1.500645       2.250189    
  0.7200231       1.500922       2.250180    
  0.7174640       1.501180       2.250172    
  0.7150952       1.501416       2.250164    
  0.7129532       1.501629       2.250157    
  0.7110711       1.501817       2.250151    
  0.7094788       1.501978       2.250145    
  0.7082018       1.502111       2.250141    
  0.7072611       1.502215       2.250138    
  0.7066729       1.502290       2.250136    
  0.7064483       1.502335       2.250135    
  0.7065931       1.502350       2.250136    
  0.7071077       1.502335       2.250138    
  0.7079872       1.502290       2.250141    
  0.7092212       1.502216       2.250146    
  0.7107945       1.502114       2.250152    
  0.7126867       1.501985       2.250159    
  0.7148727       1.501830       2.250166    
  0.7173235       1.501651       2.250175    
  0.7200062       1.501449       2.250185    
  0.7228844       1.501227       2.250196    
  0.7259194       1.500986       2.250206    
  0.7290700       1.500730       2.250218    
  0.7322938       1.500459       2.250229    
  0.7355475       1.500177       2.250241    
  0.7387876       1.499886       2.250252    
  0.7419710       1.499588       2.250263    
  0.7450560       1.499286       2.250273    
  0.7480026       1.498981       2.250283    
  0.7507731       1.498677       2.250291    
  0.7533330       1.498376       2.250299    
  0.7556512       1.498078       2.250304    
  0.7577007       1.497787       2.250309    
  0.7594588       1.497504       2.250311    
  0.7609075       1.497229       2.250312    
  0.7620339       1.496966       2.250311    
  0.7628304       1.496714       2.250307    
  0.7632946       1.496474       2.250301    
  0.7634292       1.496247       2.250292    
  0.7632427       1.496034       2.250280    
  0.7627481       1.495834       2.250266    
  0.7619638       1.495647       2.250249    
  0.7609127       1.495474       2.250228    
  0.7596216       1.495313       2.250205    
  0.7581214       1.495165       2.250178    
  0.7564464       1.495027       2.250149    
  0.7546334       1.494900       2.250115    
  0.7527214       1.494782       2.250079    
  0.7507510       1.494673       2.250039    
  0.7487636       1.494571       2.249996    
  0.7468011       1.494475       2.249949    
  0.7449045       1.494383       2.249899    
  0.7431141       1.494296       2.249846    
  0.7414683       1.494211       2.249789    
  0.7400030       1.494128       2.249729    
  0.7387515       1.494045       2.249665    
  0.7377433       1.493963       2.249599    
  0.7370042       1.493881       2.249529    
  0.7365556       1.493798       2.249455    
  0.7364140       1.493714       2.249379    
  0.7365911       1.493628       2.249299    
  0.7370935       1.493542       2.249217    
  0.7379224       1.493455       2.249131    
  0.7390738       1.493369       2.249042    
  0.7405381       1.493283       2.248950    
  0.7423010       1.493199       2.248855    
  0.7443432       1.493117       2.248758    
  0.7466404       1.493040       2.248658    
  0.7491646       1.492969       2.248555    
  0.7518836       1.492905       2.248449    
  0.7547620       1.492850       2.248341    
  0.7577616       1.492806       2.248231    
  0.7608420       1.492775       2.248118    
  0.7639611       1.492758       2.248003    
  0.7670762       1.492758       2.247886    
  0.7701440       1.492777       2.247768    
  0.7731217       1.492815       2.247647    
  0.7759677       1.492875       2.247525    
  0.7786420       1.492959       2.247402    
  0.7811069       1.493069       2.247277    
  0.7833276       1.493204       2.247152    
  0.7852730       1.493368       2.247026    
  0.7869157       1.493559       2.246899    
  0.7882326       1.493780       2.246772    
  0.7892055       1.494031       2.246646    
  0.7898213       1.494312       2.246520    
  0.7900718       1.494622       2.246394    
  0.7899545       1.494962       2.246270    
  0.7894720       1.495331       2.246147    
  0.7886323       1.495729       2.246026    
  0.7874488       1.496153       2.245908    
  0.7859398       1.496603       2.245792    
  0.7841281       1.497077       2.245679    
  0.7820413       1.497574       2.245570    
  0.7797107       1.498091       2.245465    
  0.7771712       1.498626       2.245364    
  0.7744605       1.499177       2.245269    
  0.7716187       1.499741       2.245178    
  0.7686877       1.500316       2.245094    
  0.7657105       1.500899       2.245016    
  0.7627303       1.501488       2.244944    
  0.7597904       1.502080       2.244880    
  0.7569328       1.502672       2.244824    
  0.7541983       1.503262       2.244776    
  0.7516254       1.503847       2.244736    
  0.7492496       1.504426       2.244705    
  0.7471034       1.504994       2.244684    
  0.7452154       1.505552       2.244673    
  0.7436097       1.506096       2.244671    
  0.7423062       1.506625       2.244680    
  0.7413195       1.507137       2.244700    
  0.7406592       1.507632       2.244731    
  0.7403298       1.508108       2.244774    
  0.7403302       1.508565       2.244828    
  0.7406542       1.509002       2.244894    
  0.7412902       1.509418       2.244971    
  0.7422217       1.509814       2.245061    
  0.7434276       1.510189       2.245163    
  0.7448823       1.510545       2.245278    
  0.7465562       1.510881       2.245405    
  0.7484162       1.511199       2.245545    
  0.7504262       1.511499       2.245697    
  0.7525477       1.511782       2.245862    
  0.7547406       1.512049       2.246040    
  0.7569634       1.512302       2.246230    
  0.7591742       1.512541       2.246432    
  0.7613314       1.512768       2.246647    
  0.7633940       1.512984       2.246874    
  0.7653227       1.513190       2.247113    
  0.7670803       1.513388       2.247363    
  0.7686322       1.513578       2.247626    
  0.7699470       1.513761       2.247900    
  0.7709973       1.513938       2.248185    
  0.7717597       1.514109       2.248481    
  0.7722155       1.514276       2.248788    
  0.7723508       1.514438       2.249105    
  0.7721569       1.514596       2.249433    
  0.7716302       1.514748       2.249770    
  0.7707724       1.514896       2.250116    
  0.7695907       1.515038       2.250472    
  0.7680975       1.515174       2.250837    
  0.7663099       1.515303       2.251210    
  0.7642500       1.515424       2.251591    
  0.7619444       1.515536       2.251980    
  0.7594235       1.515636       2.252376    
  0.7567213       1.515725       2.252779    
  0.7538748       1.515800       2.253189    
  0.7509236       1.515860       2.253604    
  0.7479090       1.515902       2.254024    
  0.7448734       1.515926       2.254450    
  0.7418600       1.515930       2.254880    
  0.7389116       1.515912       2.255313    
  0.7360703       1.515870       2.255750    
  0.7333770       1.515803       2.256190    
  0.7308701       1.515710       2.256632    
  0.7285855       1.515589       2.257076    
  0.7265559       1.515440       2.257520    
  0.7248104       1.515262       2.257965    
  0.7233735       1.515054       2.258409    
  0.7222654       1.514815       2.258852    
  0.7215015       1.514546       2.259294    
  0.7210917       1.514247       2.259732    
  0.7210411       1.513918       2.260168    
  0.7213489       1.513560       2.260599    
  0.7220093       1.513173       2.261026    
  0.7230112       1.512760       2.261447    
  0.7243382       1.512320       2.261862    
  0.7259693       1.511857       2.262270    
  0.7278788       1.511371       2.262670    
  0.7300370       1.510865       2.263061    
  0.7324104       1.510342       2.263442    
  0.7349625       1.509802       2.263813    
  0.7376542       1.509250       2.264174    
  0.7404443       1.508687       2.264522    
  0.7432904       1.508116       2.264857    
  0.7461493       1.507541       2.265179    
  0.7489780       1.506963       2.265486    
  0.7517339       1.506385       2.265779    
  0.7543759       1.505810       2.266056    
  0.7568648       1.505241       2.266316    
  0.7591640       1.504680       2.266560    
  0.7612398       1.504129       2.266785    
  0.7630625       1.503590       2.266992    
  0.7646061       1.503066       2.267180    
  0.7658495       1.502558       2.267349    
  0.7667760       1.502067       2.267498    
  0.7673743       1.501596       2.267625    
  0.7676383       1.501144       2.267732    
  0.7675669       1.500713       2.267817    
  0.7671648       1.500303       2.267881    
  0.7664416       1.499915       2.267923    
  0.7654122       1.499549       2.267941    
  0.7640961       1.499204       2.267938    
  0.7625178       1.498880       2.267911    
  0.7607054       1.498576       2.267861    
  0.7586910       1.498293       2.267788    
  0.7565100       1.498028       2.267692    
  0.7542003       1.497780       2.267572    
  0.7518017       1.497549       2.267429    
  0.7493556       1.497333       2.267263    
  0.7469040       1.497131       2.267073    
  0.7444893       1.496941       2.266860    
  0.7421528       1.496762       2.266624    
  0.7399351       1.496593       2.266366    
  0.7378746       1.496432       2.266084    
  0.7360072       1.496278       2.265781    
  0.7343660       1.496129       2.265455    
  0.7329803       1.495985       2.265108    
  0.7318755       1.495845       2.264739    
  0.7310724       1.495708       2.264349    
  0.7305872       1.495574       2.263939    
  0.7304311       1.495441       2.263508    
  0.7306098       1.495311       2.263058    
  0.7311240       1.495182       2.262588    
  0.7319690       1.495055       2.262100    
  0.7331347       1.494931       2.261593    
  0.7346061       1.494810       2.261069    
  0.7363632       1.494692       2.260527    
  0.7383815       1.494579       2.259969    
  0.7406323       1.494472       2.259396    
  0.7430831       1.494372       2.258807    
  0.7456982       1.494280       2.258204    
  0.7484393       1.494197       2.257586    
  0.7512659       1.494126       2.256956    
  0.7541360       1.494067       2.256313    
  0.7570070       1.494022       2.255659    
  0.7598359       1.493992       2.254993    
  0.7625804       1.493979       2.254318    
  0.7651994       1.493984       2.253634    
  0.7676534       1.494009       2.252941    
  0.7699056       1.494054       2.252241    
  0.7719220       1.494120       2.251535    
  0.7736723       1.494208       2.250823    
  0.7751303       1.494319       2.250106    
  0.7762738       1.494453       2.249385    
  0.7770859       1.494609       2.248662    
  0.7775543       1.494789       2.247937    
  0.7776723       1.494991       2.247211    
  0.7774382       1.495215       2.246486    
  0.7768558       1.495460       2.245762    
  0.7759342       1.495725       2.245040    
  0.7746878       1.496009       2.244323    
  0.7731356       1.496309       2.243609    
  0.7713016       1.496625       2.242902    
  0.7692139       1.496953       2.242201    
  0.7669045       1.497293       2.241508    
  0.7644085       1.497641       2.240824    
  0.7617642       1.497996       2.240149    
  0.7590119       1.498354       2.239486    
  0.7561933       1.498714       2.238836    
  0.7533513       1.499072       2.238198    
  0.7505289       1.499425       2.237574    
  0.7477689       1.499773       2.236966    
  0.7451127       1.500110       2.236374    
  0.7426001       1.500437       2.235799    
  0.7402689       1.500749       2.235241    
  0.7381535       1.501044       2.234703    
  0.7362851       1.501322       2.234185    
  0.7346910       1.501579       2.233687    
  0.7333939       1.501815       2.233211    
  0.7324121       1.502027       2.232757    
  0.7317588       1.502215       2.232325    
  0.7314419       1.502378       2.231917    
  0.7314640       1.502514       2.231533    
  0.7318227       1.502625       2.231174    
  0.7325098       1.502709       2.230840    
  0.7335122       1.502766       2.230532    
  0.7348118       1.502798       2.230249    
  0.7363859       1.502804       2.229994    
  0.7382073       1.502786       2.229764    
  0.7402450       1.502744       2.229563    
  0.7424646       1.502679       2.229388    
  0.7448289       1.502594       2.229240    
  0.7472983       1.502489       2.229121    
  0.7498316       1.502367       2.229029    
  0.7523866       1.502228       2.228964    
  0.7549208       1.502075       2.228928    
  0.7573919       1.501909       2.228919    
  0.7597587       1.501732       2.228937    
  0.7619814       1.501546       2.228983    
  0.7640227       1.501352       2.229056    
  0.7658481       1.501152       2.229157    
  0.7674264       1.500948       2.229284    
  0.7687302       1.500741       2.229437    
  0.7697366       1.500531       2.229617    
  0.7704272       1.500321       2.229823    
  0.7707886       1.500110       2.230054    
  0.7708124       1.499900       2.230310    
  0.7704958       1.499690       2.230590    
  0.7698410       1.499482       2.230895    
  0.7688557       1.499275       2.231223    
  0.7675527       1.499068       2.231575    
  0.7659499       1.498863       2.231948    
  0.7640697       1.498658       2.232344    
  0.7619391       1.498452       2.232760    
  0.7595888       1.498245       2.233198    
  0.7570530       1.498035       2.233655    
  0.7543690       1.497822       2.234132    
  0.7515762       1.497605       2.234627    
  0.7487160       1.497382       2.235139    
  0.7458305       1.497153       2.235669    
  0.7429626       1.496915       2.236214    
  0.7401547       1.496668       2.236775    
  0.7374485       1.496411       2.237351    
  0.7348839       1.496143       2.237940    
  0.7324988       1.495862       2.238542    
  0.7303281       1.495569       2.239155    
  0.7284038       1.495262       2.239780    
  0.7267537       1.494941       2.240414    
  0.7254013       1.494605       2.241057    
  0.7243659       1.494256       2.241708    
  0.7236615       1.493892       2.242365    
  0.7232971       1.493515       2.243029    
  0.7232763       1.493124       2.243697    
  0.7235975       1.492722       2.244368    
  0.7242537       1.492309       2.245042    
  0.7252328       1.491886       2.245718    
  0.7265174       1.491454       2.246393    
  0.7280858       1.491017       2.247068    
  0.7299113       1.490575       2.247741    
  0.7319639       1.490131       2.248411    
  0.7342094       1.489687       2.249077    
  0.7366111       1.489246       2.249737    
  0.7391295       1.488809       2.250391    
  0.7417237       1.488380       2.251038    
  0.7443511       1.487961       2.251676    
  0.7469692       1.487554       2.252304    
  0.7495353       1.487162       2.252922    
  0.7520074       1.486788       2.253528    
  0.7543452       1.486434       2.254121    
  0.7565107       1.486103       2.254701    
  0.7584681       1.485795       2.255266    
  0.7601852       1.485514       2.255816    
  0.7616336       1.485262       2.256349    
  0.7627889       1.485039       2.256865    
  0.7636314       1.484846       2.257363    
  0.7641463       1.484687       2.257843    
  0.7643238       1.484560       2.258303    
  0.7641597       1.484466       2.258743    
  0.7636548       1.484407       2.259162    
  0.7628154       1.484381       2.259561    
  0.7616531       1.484388       2.259937    
  0.7601843       1.484429       2.260291    
  0.7584307       1.484502       2.260623    
  0.7564178       1.484607       2.260932    
  0.7541758       1.484741       2.261217    
  0.7517381       1.484905       2.261479    
  0.7491415       1.485095       2.261717    
  0.7464249       1.485311       2.261931    
  0.7436296       1.485551       2.262121    
  0.7407977       1.485812       2.262287    
  0.7379723       1.486093       2.262429    
  0.7351962       1.486392       2.262546    
  0.7325115       1.486706       2.262639    
  0.7299591       1.487034       2.262708    
  0.7275778       1.487373       2.262753    
  0.7254037       1.487722       2.262774    
  0.7234697       1.488079       2.262772    
  0.7218052       1.488443       2.262746    
  0.7204353       1.488811       2.262697    
  0.7193807       1.489182       2.262625    
  0.7186573       1.489556       2.262530    
  0.7182756       1.489931       2.262414    
  0.7182412       1.490307       2.262275    
  0.7185541       1.490682       2.262115    
  0.7192092       1.491057       2.261934    
  0.7201960       1.491431       2.261733    
  0.7214990       1.491805       2.261511    
  0.7230979       1.492178       2.261270    
  0.7249677       1.492551       2.261010    
  0.7270795       1.492925       2.260732    
  0.7294005       1.493299       2.260436    
  0.7318951       1.493676       2.260122    
  0.7345248       1.494056       2.259792    
  0.7372492       1.494440       2.259446    
  0.7400267       1.494828       2.259085    
  0.7428147       1.495222       2.258709    
  0.7455708       1.495624       2.258319    
  0.7482533       1.496033       2.257916    
  0.7508217       1.496451       2.257501    
  0.7532371       1.496878       2.257074    
  0.7554637       1.497316       2.256636    
  0.7574685       1.497765       2.256189    
  0.7592220       1.498226       2.255732    
  0.7606990       1.498698       2.255267    
  0.7618788       1.499181       2.254794    
  0.7627452       1.499676       2.254315    
  0.7632873       1.500182       2.253830    
  0.7634994       1.500699       2.253341    
  0.7633810       1.501226       2.252848    
  0.7629370       1.501761       2.252352    
  0.7621776       1.502303       2.251855    
  0.7611179       1.502852       2.251356    
  0.7597781       1.503404       2.250858    
  0.7581827       1.503960       2.250360    
  0.7563605       1.504515       2.249865    
  0.7543440       1.505069       2.249372    
  0.7521688       1.505619       2.248884    
  0.7498732       1.506163       2.248400    
  0.7474974       1.506697       2.247923    
  0.7450834       1.507221       2.247452    
  0.7426735       1.507731       2.246989    
  0.7403104       1.508225       2.246534    
  0.7380360       1.508700       2.246089    
  0.7358910       1.509154       2.245654    
  0.7339145       1.509586       2.245230    
  0.7321427       1.509992       2.244819    
  0.7306090       1.510372       2.244420    
  0.7293432       1.510722       2.244034    
  0.7283709       1.511043       2.243663    
  0.7277134       1.511333       2.243307    
  0.7273871       1.511590       2.242966    
  0.7274035       1.511814       2.242641    
  0.7277685       1.512004       2.242332    
  0.7284832       1.512161       2.242041    
  0.7295429       1.512284       2.241767    
  0.7309376       1.512374       2.241512    
  0.7326525       1.512430       2.241274    
  0.7346675       1.512455       2.241055    
  0.7369582       1.512450       2.240856    
  0.7394957       1.512414       2.240675    
  0.7422473       1.512351       2.240514    
  0.7451773       1.512262       2.240373    
  0.7482470       1.512148       2.240251    
  0.7514154       1.512011       2.240149    
  0.7546404       1.511855       2.240067    
  0.7578786       1.511680       2.240004    
  0.7610867       1.511489       2.239962    
  0.7642217       1.511285       2.239939    
  0.7672417       1.511069       2.239936    
  0.7701066       1.510843       2.239953    
  0.7727788       1.510611       2.239988    
  0.7752235       1.510373       2.240043    
  0.7774094       1.510132       2.240117    
  0.7793093       1.509889       2.240210    
  0.7809003       1.509646       2.240320    
  0.7821642       1.509404       2.240449    
  0.7830877       1.509165       2.240596    
  0.7836631       1.508929       2.240761    
  0.7838876       1.508697       2.240942    
  0.7837638       1.508470       2.241140    
  0.7832999       1.508248       2.241355    
  0.7825090       1.508031       2.241585    
  0.7814091       1.507819       2.241832    
  0.7800232       1.507612       2.242093    
  0.7783781       1.507410       2.242369    
  0.7765048       1.507211       2.242659    
  0.7744375       1.507015       2.242963    
  0.7722134       1.506821       2.243279    
  0.7698718       1.506629       2.243609    
  0.7674537       1.506436       2.243951    
  0.7650011       1.506243       2.244304    
  0.7625560       1.506047       2.244668    
  0.7601603       1.505849       2.245043    
  0.7578550       1.505647       2.245428    
  0.7556792       1.505439       2.245821    
