  0.7500000       1.500000       2.250000    
  0.7501562       1.500000       2.250000    
  0.7506225       1.500000       2.250000    
  0.7513921       1.500000       2.250000    
  0.7524546       1.500002       2.250000    
  0.7537968       1.500004       2.250000    
  0.7554017       1.500009       2.250000    
  0.7572497       1.500018       2.250000    
  0.7593182       1.500030       2.250000    
  0.7615823       1.500049       2.250000    
  0.7640145       1.500075       2.250000    
  0.7665855       1.500109       2.250000    
  0.7692640       1.500154       2.250000    
  0.7720175       1.500210       2.250000    
  0.7748125       1.500280       2.250001    
  0.7776145       1.500365       2.250001    
  0.7803889       1.500467       2.250002    
  0.7831008       1.500587       2.250003    
  0.7857158       1.500727       2.250005    
  0.7882003       1.500889       2.250007    
  0.7905214       1.501073       2.250009    
  0.7926480       1.501282       2.250012    
  0.7945504       1.501515       2.250016    
  0.7962011       1.501775       2.250021    
  0.7975746       1.502061       2.250027    
  0.7986483       1.502375       2.250034    
  0.7994023       1.502716       2.250042    
  0.7998196       1.503084       2.250053    
  0.7998866       1.503480       2.250065    
  0.7995929       1.503903       2.250079    
  0.7989316       1.504352       2.250095    
  0.7978994       1.504827       2.250114    
  0.7964965       1.505325       2.250136    
  0.7947269       1.505846       2.250161    
  0.7925981       1.506388       2.250190    
  0.7901210       1.506949       2.250222    
  0.7873100       1.507526       2.250259    
  0.7841830       1.508117       2.250300    
  0.7807608       1.508720       2.250345    
  0.7770672       1.509331       2.250396    
  0.7731289       1.509948       2.250452    
  0.7689748       1.510568       2.250513    
  0.7646362       1.511186       2.250581    
  0.7601463       1.511800       2.250654    
  0.7555397       1.512406       2.250735    
  0.7508524       1.513000       2.250822    
  0.7461214       1.513579       2.250916    
  0.7413841       1.514139       2.251017    
  0.7366781       1.514677       2.251127    
  0.7320409       1.515189       2.251243    
  0.7275094       1.515671       2.251368    
  0.7231197       1.516121       2.251501    
  0.7189066       1.516535       2.251642    
  0.7149032       1.516909       2.251792    
  0.7111410       1.517241       2.251950    
  0.7076492       1.517529       2.252116    
  0.7044544       1.517770       2.252290    
  0.7015805       1.517961       2.252473    
  0.6990485       1.518101       2.252664    
  0.6968763       1.518189       2.252863    
  0.6950784       1.518222       2.253069    
  0.6936659       1.518199       2.253284    
  0.6926461       1.518121       2.253505    
  0.6920230       1.517987       2.253733    
  0.6917967       1.517796       2.253968    
  0.6919637       1.517548       2.254210    
  0.6925169       1.517245       2.254457    
  0.6934458       1.516888       2.254709    
  0.6947362       1.516476       2.254966    
  0.6963707       1.516013       2.255226    
  0.6983290       1.515499       2.255491    
  0.7005875       1.514937       2.255758    
  0.7031204       1.514329       2.256027    
  0.7058991       1.513677       2.256298    
  0.7088931       1.512985       2.256570    
  0.7120700       1.512255       2.256841    
  0.7153960       1.511490       2.257112    
  0.7188362       1.510693       2.257380    
  0.7223547       1.509869       2.257647    
  0.7259152       1.509019       2.257910    
  0.7294815       1.508148       2.258168    
  0.7330176       1.507259       2.258422    
  0.7364880       1.506355       2.258669    
  0.7398584       1.505441       2.258910    
  0.7430956       1.504519       2.259143    
  0.7461681       1.503592       2.259367    
  0.7490467       1.502665       2.259582    
  0.7517039       1.501740       2.259787    
  0.7541152       1.500820       2.259980    
  0.7562585       1.499908       2.260161    
  0.7581149       1.499006       2.260330    
  0.7596686       1.498117       2.260485    
  0.7609071       1.497243       2.260626    
  0.7618213       1.496386       2.260752    
  0.7624055       1.495547       2.260862    
  0.7626577       1.494729       2.260956    
  0.7625795       1.493932       2.261033    
  0.7621759       1.493158       2.261092    
  0.7614555       1.492407       2.261133    
  0.7604301       1.491679       2.261155    
  0.7591149       1.490975       2.261158    
  0.7575282       1.490296       2.261142    
  0.7556912       1.489640       2.261105    
  0.7536277       1.489008       2.261049    
  0.7513639       1.488399       2.260971    
  0.7489283       1.487811       2.260873    
  0.7463511       1.487246       2.260753    
  0.7436640       1.486701       2.260612    
  0.7409002       1.486175       2.260449    
  0.7380936       1.485667       2.260265    
  0.7352784       1.485176       2.260059    
  0.7324894       1.484701       2.259830    
  0.7297609       1.484240       2.259581    
  0.7271267       1.483792       2.259309    
  0.7246198       1.483356       2.259015    
  0.7222719       1.482931       2.258700    
  0.7201130       1.482515       2.258363    
  0.7181715       1.482107       2.258005    
  0.7164735       1.481707       2.257626    
  0.7150425       1.481313       2.257226    
  0.7138995       1.480925       2.256805    
  0.7130625       1.480543       2.256363    
  0.7125465       1.480166       2.255902    
  0.7123631       1.479794       2.255420    
  0.7125205       1.479428       2.254920    
  0.7130236       1.479066       2.254400    
  0.7138736       1.478710       2.253861    
  0.7150680       1.478361       2.253305    
  0.7166012       1.478019       2.252731    
  0.7184636       1.477685       2.252140    
  0.7206424       1.477360       2.251532    
  0.7231217       1.477047       2.250908    
  0.7258821       1.476746       2.250268    
  0.7289014       1.476459       2.249614    
  0.7321547       1.476188       2.248945    
  0.7356145       1.475935       2.248263    
  0.7392512       1.475702       2.247568    
  0.7430331       1.475491       2.246861    
  0.7469268       1.475304       2.246142    
  0.7508980       1.475144       2.245413    
  0.7549109       1.475012       2.244674    
  0.7589296       1.474912       2.243926    
  0.7629173       1.474845       2.243169    
  0.7668380       1.474813       2.242406    
  0.7706557       1.474818       2.241636    
  0.7743353       1.474862       2.240861    
  0.7778430       1.474948       2.240082    
  0.7811463       1.475075       2.239300    
  0.7842147       1.475247       2.238515    
  0.7870197       1.475464       2.237729    
  0.7895353       1.475728       2.236943    
  0.7917380       1.476038       2.236159    
  0.7936075       1.476396       2.235377    
  0.7951262       1.476801       2.234598    
  0.7962801       1.477254       2.233824    
  0.7970586       1.477755       2.233056    
  0.7974545       1.478302       2.232295    
  0.7974643       1.478894       2.231543    
  0.7970880       1.479532       2.230800    
  0.7963294       1.480212       2.230069    
  0.7951958       1.480934       2.229350    
  0.7936982       1.481695       2.228646    
  0.7918509       1.482493       2.227956    
  0.7896714       1.483326       2.227283    
  0.7871806       1.484189       2.226628    
  0.7844021       1.485082       2.225993    
  0.7813622       1.485999       2.225378    
  0.7780897       1.486938       2.224785    
  0.7746156       1.487896       2.224216    
  0.7709726       1.488868       2.223671    
  0.7671950       1.489850       2.223152    
  0.7633184       1.490839       2.222661    
  0.7593790       1.491831       2.222197    
  0.7554136       1.492821       2.221764    
  0.7514592       1.493807       2.221361    
  0.7475526       1.494783       2.220990    
  0.7437297       1.495745       2.220653    
  0.7400257       1.496691       2.220349    
  0.7364745       1.497616       2.220080    
  0.7331083       1.498517       2.219847    
  0.7299575       1.499391       2.219651    
  0.7270499       1.500233       2.219493    
  0.7244112       1.501042       2.219373    
  0.7220641       1.501815       2.219292    
  0.7200285       1.502548       2.219250    
  0.7183210       1.503240       2.219249    
  0.7169548       1.503889       2.219287    
  0.7159400       1.504493       2.219367    
  0.7152828       1.505052       2.219488    
  0.7149859       1.505563       2.219650    
  0.7150485       1.506026       2.219854    
  0.7154660       1.506441       2.220099    
  0.7162305       1.506807       2.220385    
  0.7173305       1.507125       2.220713    
  0.7187511       1.507396       2.221082    
  0.7204743       1.507619       2.221492    
  0.7224792       1.507797       2.221942    
  0.7247419       1.507930       2.222432    
  0.7272362       1.508020       2.222961    
  0.7299334       1.508069       2.223530    
  0.7328030       1.508079       2.224136    
  0.7358129       1.508052       2.224780    
  0.7389294       1.507990       2.225461    
  0.7421180       1.507895       2.226177    
  0.7453436       1.507771       2.226928    
  0.7485706       1.507620       2.227712    
  0.7517636       1.507445       2.228529    
  0.7548878       1.507247       2.229378    
  0.7579089       1.507031       2.230257    
  0.7607939       1.506799       2.231165    
  0.7635112       1.506553       2.232101    
  0.7660310       1.506297       2.233064    
  0.7683256       1.506032       2.234051    
  0.7703697       1.505761       2.235063    
  0.7721405       1.505486       2.236096    
  0.7736182       1.505209       2.237150    
  0.7747858       1.504933       2.238224    
  0.7756299       1.504659       2.239316    
  0.7761402       1.504388       2.240423    
  0.7763099       1.504122       2.241546    
  0.7761358       1.503863       2.242681    
  0.7756182       1.503610       2.243829    
  0.7747610       1.503365       2.244986    
  0.7735716       1.503128       2.246151    
  0.7720609       1.502900       2.247324    
  0.7702431       1.502680       2.248501    
  0.7681355       1.502468       2.249682    
  0.7657588       1.502265       2.250865    
  0.7631359       1.502069       2.252048    
  0.7602929       1.501881       2.253230    
  0.7572579       1.501698       2.254410    
  0.7540611       1.501521       2.255584    
  0.7507344       1.501347       2.256753    
  0.7473114       1.501177       2.257914    
  0.7438263       1.501009       2.259066    
  0.7403144       1.500841       2.260207    
  0.7368114       1.500672       2.261336    
  0.7333528       1.500502       2.262451    
  0.7299739       1.500328       2.263551    
  0.7267093       1.500150       2.264634    
  0.7235926       1.499966       2.265699    
  0.7206559       1.499775       2.266744    
  0.7179298       1.499577       2.267769    
  0.7154428       1.499370       2.268770    
  0.7132210       1.499154       2.269748    
  0.7112880       1.498929       2.270701    
  0.7096646       1.498694       2.271627    
  0.7083688       1.498448       2.272526    
  0.7074150       1.498193       2.273395    
  0.7068147       1.497928       2.274234    
  0.7065756       1.497653       2.275041    
  0.7067021       1.497370       2.275815    
  0.7071947       1.497079       2.276556    
  0.7080507       1.496781       2.277261    
  0.7092635       1.496479       2.277931    
  0.7108232       1.496172       2.278563    
  0.7127163       1.495864       2.279157    
  0.7149263       1.495556       2.279712    
  0.7174332       1.495250       2.280228    
  0.7202144       1.494949       2.280702    
  0.7232444       1.494654       2.281135    
  0.7264954       1.494368       2.281525    
  0.7299372       1.494095       2.281873    
  0.7335380       1.493837       2.282177    
  0.7372642       1.493595       2.282437    
  0.7410811       1.493375       2.282652    
  0.7449530       1.493177       2.282823    
  0.7488439       1.493005       2.282948    
  0.7527173       1.492862       2.283028    
  0.7565371       1.492750       2.283062    
  0.7602678       1.492672       2.283049    
  0.7638745       1.492631       2.282991    
  0.7673239       1.492627       2.282887    
  0.7705840       1.492665       2.282738    
  0.7736249       1.492745       2.282543    
  0.7764186       1.492869       2.282303    
  0.7789399       1.493039       2.282017    
  0.7811661       1.493256       2.281688    
  0.7830776       1.493520       2.281315    
  0.7846577       1.493833       2.280898    
  0.7858933       1.494195       2.280439    
  0.7867744       1.494605       2.279938    
  0.7872949       1.495064       2.279396    
  0.7874519       1.495571       2.278815    
  0.7872465       1.496125       2.278194    
  0.7866831       1.496725       2.277536    
  0.7857698       1.497369       2.276842    
  0.7845183       1.498055       2.276112    
  0.7829434       1.498782       2.275348    
  0.7810634       1.499547       2.274552    
  0.7788993       1.500348       2.273725    
  0.7764753       1.501181       2.272869    
  0.7738178       1.502043       2.271984    
  0.7709559       1.502931       2.271074    
  0.7679204       1.503842       2.270139    
  0.7647442       1.504773       2.269181    
  0.7614611       1.505718       2.268202    
  0.7581064       1.506675       2.267204    
  0.7547157       1.507639       2.266188    
  0.7513255       1.508607       2.265157    
  0.7479717       1.509574       2.264113    
  0.7446902       1.510537       2.263057    
  0.7415161       1.511492       2.261991    
  0.7384833       1.512434       2.260917    
  0.7356244       1.513361       2.259838    
  0.7329702       1.514268       2.258754    
  0.7305494       1.515152       2.257669    
  0.7283885       1.516009       2.256583    
  0.7265114       1.516837       2.255500    
  0.7249390       1.517633       2.254419    
  0.7236892       1.518394       2.253345    
  0.7227768       1.519117       2.252277    
  0.7222131       1.519801       2.251219    
  0.7220060       1.520444       2.250171    
  0.7221597       1.521043       2.249137    
  0.7226751       1.521598       2.248116    
  0.7235490       1.522108       2.247111    
  0.7247751       1.522571       2.246124    
  0.7263433       1.522989       2.245156    
  0.7282401       1.523359       2.244208    
  0.7304489       1.523683       2.243282    
  0.7329497       1.523961       2.242379    
  0.7357199       1.524194       2.241501    
  0.7387338       1.524382       2.240648    
  0.7419637       1.524527       2.239822    
  0.7453796       1.524629       2.239025    
  0.7489493       1.524691       2.238256    
  0.7526396       1.524714       2.237518    
  0.7564157       1.524700       2.236811    
  0.7602420       1.524651       2.236136    
  0.7640826       1.524568       2.235493    
  0.7679011       1.524455       2.234885    
  0.7716616       1.524313       2.234310    
  0.7753286       1.524144       2.233770    
  0.7788677       1.523951       2.233265    
  0.7822455       1.523735       2.232796    
  0.7854303       1.523499       2.232364    
  0.7883924       1.523245       2.231969    
  0.7911042       1.522975       2.231610    
  0.7935405       1.522690       2.231289    
  0.7956790       1.522392       2.231005    
  0.7975003       1.522083       2.230760    
  0.7989879       1.521764       2.230552    
  0.8001288       1.521436       2.230382    
  0.8009135       1.521101       2.230250    
  0.8013357       1.520759       2.230155    
  0.8013930       1.520410       2.230099    
  0.8010863       1.520056       2.230080    
  0.8004203       1.519696       2.230099    
  0.7994031       1.519331       2.230155    
  0.7980462       1.518960       2.230247    
  0.7963647       1.518584       2.230377    
  0.7943764       1.518200       2.230542    
  0.7921025       1.517810       2.230743    
  0.7895668       1.517411       2.230980    
  0.7867954       1.517004       2.231251    
  0.7838172       1.516587       2.231556    
  0.7806625       1.516159       2.231895    
  0.7773637       1.515718       2.232266    
  0.7739542       1.515264       2.232670    
  0.7704685       1.514795       2.233104    
  0.7669418       1.514309       2.233569    
  0.7634097       1.513806       2.234064    
  0.7599074       1.513284       2.234587    
  0.7564699       1.512742       2.235137    
  0.7531314       1.512179       2.235714    
  0.7499250       1.511594       2.236317    
  0.7468821       1.510985       2.236944    
  0.7440327       1.510353       2.237594    
  0.7414045       1.509696       2.238266    
  0.7390229       1.509015       2.238959    
  0.7369104       1.508308       2.239672    
  0.7350871       1.507576       2.240402    
  0.7335698       1.506819       2.241149    
  0.7323721       1.506038       2.241912    
  0.7315043       1.505234       2.242688    
  0.7309732       1.504406       2.243477    
  0.7307820       1.503557       2.244277    
  0.7309304       1.502688       2.245086    
  0.7314146       1.501801       2.245903    
  0.7322271       1.500897       2.246727    
  0.7333571       1.499978       2.247554    
  0.7347903       1.499048       2.248385    
  0.7365094       1.498109       2.249218    
  0.7384938       1.497162       2.250050    
  0.7407203       1.496212       2.250880    
  0.7431629       1.495262       2.251707    
  0.7457935       1.494314       2.252529    
  0.7485818       1.493372       2.253344    
  0.7514957       1.492440       2.254151    
  0.7545018       1.491521       2.254947    
  0.7575655       1.490618       2.255733    
  0.7606515       1.489735       2.256505    
  0.7637241       1.488876       2.257263    
  0.7667477       1.488044       2.258004    
  0.7696866       1.487242       2.258729    
  0.7725064       1.486474       2.259434    
  0.7751732       1.485743       2.260119    
  0.7776548       1.485051       2.260782    
  0.7799206       1.484403       2.261423    
  0.7819420       1.483800       2.262040    
  0.7836927       1.483245       2.262631    
  0.7851490       1.482739       2.263196    
  0.7862900       1.482286       2.263734    
  0.7870979       1.481886       2.264244    
  0.7875580       1.481540       2.264724    
  0.7876589       1.481251       2.265174    
  0.7873930       1.481018       2.265594    
  0.7867560       1.480842       2.265983    
  0.7857473       1.480723       2.266339    
  0.7843700       1.480661       2.266663    
  0.7826306       1.480655       2.266954    
  0.7805395       1.480704       2.267212    
  0.7781101       1.480807       2.267436    
  0.7753596       1.480963       2.267626    
  0.7723082       1.481170       2.267783    
  0.7689788       1.481425       2.267905    
  0.7653976       1.481726       2.267993    
  0.7615929       1.482072       2.268048    
  0.7575952       1.482458       2.268068    
  0.7534373       1.482882       2.268055    
  0.7491533       1.483341       2.268009    
  0.7447786       1.483832       2.267930    
  0.7403499       1.484351       2.267818    
  0.7359040       1.484895       2.267674    
  0.7314782       1.485459       2.267499    
  0.7271097       1.486042       2.267293    
  0.7228351       1.486638       2.267056    
  0.7186902       1.487245       2.266790    
  0.7147096       1.487858       2.266494    
  0.7109263       1.488475       2.266171    
  0.7073716       1.489092       2.265820    
  0.7040745       1.489706       2.265442    
  0.7010616       1.490313       2.265039    
  0.6983569       1.490912       2.264611    
  0.6959814       1.491499       2.264158    
  0.6939529       1.492071       2.263683    
  0.6922862       1.492627       2.263186    
  0.6909923       1.493164       2.262668    
  0.6900789       1.493680       2.262130    
  0.6895501       1.494175       2.261572    
  0.6894063       1.494646       2.260997    
  0.6896443       1.495093       2.260404    
  0.6902574       1.495514       2.259795    
  0.6912351       1.495910       2.259171    
  0.6925640       1.496280       2.258533    
  0.6942269       1.496624       2.257883    
  0.6962039       1.496943       2.257220    
  0.6984722       1.497236       2.256546    
  0.7010061       1.497504       2.255862    
  0.7037778       1.497748       2.255170    
  0.7067572       1.497970       2.254469    
  0.7099127       1.498170       2.253762    
  0.7132109       1.498349       2.253049    
  0.7166176       1.498509       2.252331    
  0.7200974       1.498652       2.251610    
  0.7236149       1.498778       2.250885    
  0.7271345       1.498891       2.250159    
  0.7306206       1.498990       2.249431    
  0.7340387       1.499078       2.248704    
  0.7373551       1.499157       2.247977    
  0.7405372       1.499227       2.247253    
  0.7435545       1.499291       2.246532    
  0.7463781       1.499350       2.245815    
  0.7489815       1.499404       2.245102    
  0.7513407       1.499456       2.244395    
  0.7534345       1.499505       2.243695    
  0.7552445       1.499554       2.243002    
  0.7567557       1.499602       2.242318    
  0.7579561       1.499650       2.241643    
  0.7588373       1.499698       2.240979    
  0.7593945       1.499746       2.240325    
  0.7596260       1.499795       2.239684    
  0.7595341       1.499844       2.239055    
  0.7591244       1.499892       2.238440    
  0.7584059       1.499938       2.237839    
  0.7573912       1.499982       2.237254    
  0.7560957       1.500024       2.236684    
  0.7545383       1.500060       2.236131    
  0.7527406       1.500091       2.235595    
  0.7507267       1.500114       2.235078    
  0.7485233       1.500129       2.234579    
  0.7461591       1.500132       2.234099    
  0.7436647       1.500124       2.233640    
  0.7410722       1.500100       2.233201    
  0.7384148       1.500061       2.232783    
  0.7357265       1.500004       2.232387    
  0.7330419       1.499926       2.232013    
  0.7303956       1.499827       2.231661    
  0.7278222       1.499704       2.231332    
  0.7253554       1.499557       2.231026    
  0.7230281       1.499382       2.230743    
  0.7208720       1.499179       2.230484    
  0.7189172       1.498947       2.230250    
  0.7171916       1.498685       2.230039    
  0.7157212       1.498391       2.229852    
  0.7145295       1.498065       2.229690    
  0.7136369       1.497706       2.229552    
  0.7130613       1.497315       2.229437    
  0.7128173       1.496891       2.229347    
  0.7129160       1.496435       2.229281    
  0.7133653       1.495947       2.229239    
  0.7141696       1.495428       2.229219    
  0.7153296       1.494879       2.229223    
  0.7168424       1.494303       2.229250    
  0.7187015       1.493699       2.229300    
  0.7208970       1.493071       2.229371    
  0.7234156       1.492420       2.229463    
  0.7262403       1.491750       2.229577    
  0.7293513       1.491061       2.229711    
  0.7327258       1.490359       2.229865    
  0.7363380       1.489645       2.230037    
  0.7401598       1.488923       2.230229    
  0.7441607       1.488196       2.230438    
  0.7483083       1.487468       2.230664    
  0.7525685       1.486743       2.230907    
  0.7569060       1.486024       2.231165    
  0.7612844       1.485315       2.231438    
  0.7656667       1.484619       2.231725    
  0.7700157       1.483941       2.232025    
  0.7742941       1.483285       2.232338    
  0.7784653       1.482654       2.232662    
  0.7824934       1.482051       2.232998    
  0.7863436       1.481480       2.233343    
  0.7899827       1.480945       2.233697    
  0.7933794       1.480449       2.234060    
  0.7965044       1.479994       2.234431    
  0.7993307       1.479584       2.234808    
  0.8018343       1.479220       2.235192    
  0.8039938       1.478906       2.235582    
  0.8057911       1.478643       2.235976    
  0.8072113       1.478432       2.236374    
  0.8082432       1.478276       2.236776    
  0.8088787       1.478176       2.237181    
  0.8091137       1.478131       2.237588    
  0.8089477       1.478143       2.237997    
  0.8083836       1.478212       2.238407    
  0.8074284       1.478338       2.238819    
  0.8060922       1.478519       2.239230    
  0.8043889       1.478756       2.239642    
  0.8023356       1.479047       2.240053    
  0.7999524       1.479391       2.240464    
  0.7972628       1.479785       2.240874    
  0.7942925       1.480229       2.241282    
  0.7910700       1.480720       2.241689    
  0.7876260       1.481256       2.242094    
  0.7839928       1.481833       2.242498    
  0.7802045       1.482450       2.242899    
  0.7762964       1.483103       2.243299    
  0.7723047       1.483790       2.243696    
  0.7682660       1.484507       2.244091    
  0.7642172       1.485251       2.244483    
  0.7601950       1.486019       2.244874    
  0.7562354       1.486808       2.245262    
  0.7523738       1.487614       2.245647    
  0.7486439       1.488434       2.246031    
  0.7450782       1.489266       2.246412    
  0.7417072       1.490105       2.246791    
  0.7385591       1.490950       2.247167    
  0.7356598       1.491797       2.247542    
  0.7330325       1.492644       2.247914    
  0.7306972       1.493488       2.248285    
  0.7286710       1.494327       2.248653    
  0.7269678       1.495159       2.249020    
  0.7255979       1.495981       2.249385    
  0.7245682       1.496794       2.249748    
  0.7238821       1.497594       2.250110    
  0.7235394       1.498380       2.250469    
  0.7235362       1.499153       2.250828    
  0.7238652       1.499910       2.251184    
  0.7245158       1.500652       2.251540    
  0.7254739       1.501378       2.251893    
  0.7267223       1.502089       2.252245    
  0.7282410       1.502783       2.252596    
  0.7300071       1.503462       2.252945    
  0.7319952       1.504126       2.253293    
  0.7341777       1.504775       2.253639    
  0.7365251       1.505411       2.253983    
  0.7390063       1.506034       2.254326    
  0.7415887       1.506645       2.254668    
  0.7442388       1.507246       2.255007    
  0.7469227       1.507837       2.255345    
  0.7496059       1.508420       2.255681    
  0.7522542       1.508996       2.256016    
  0.7548339       1.509565       2.256348    
  0.7573118       1.510129       2.256678    
  0.7596561       1.510690       2.257007    
  0.7618365       1.511248       2.257333    
  0.7638242       1.511803       2.257657    
  0.7655929       1.512358       2.257979    
  0.7671182       1.512911       2.258299    
  0.7683787       1.513465       2.258616    
  0.7693557       1.514018       2.258932    
  0.7700335       1.514572       2.259244    
  0.7703996       1.515126       2.259554    
  0.7704449       1.515679       2.259862    
  0.7701639       1.516232       2.260167    
  0.7695543       1.516784       2.260470    
  0.7686175       1.517334       2.260770    
  0.7673584       1.517880       2.261067    
  0.7657856       1.518422       2.261362    
  0.7639107       1.518958       2.261654    
  0.7617490       1.519486       2.261943    
  0.7593189       1.520004       2.262230    
  0.7566416       1.520512       2.262514    
  0.7537411       1.521005       2.262795    
  0.7506442       1.521483       2.263073    
  0.7473797       1.521942       2.263348    
  0.7439786       1.522381       2.263620    
  0.7404734       1.522796       2.263890    
  0.7368982       1.523186       2.264156    
  0.7332880       1.523547       2.264419    
  0.7296783       1.523878       2.264678    
  0.7261054       1.524175       2.264934    
  0.7226051       1.524436       2.265187    
  0.7192131       1.524659       2.265436    
  0.7159641       1.524842       2.265681    
  0.7128921       1.524982       2.265922    
  0.7100293       1.525078       2.266159    
  0.7074063       1.525127       2.266391    
  0.7050515       1.525128       2.266618    
  0.7029912       1.525081       2.266841    
  0.7012488       1.524983       2.267058    
  0.6998450       1.524834       2.267269    
  0.6987973       1.524633       2.267474    
  0.6981202       1.524380       2.267673    
  0.6978246       1.524076       2.267865    
  0.6979178       1.523720       2.268049    
  0.6984037       1.523312       2.268226    
  0.6992824       1.522855       2.268395    
  0.7005504       1.522349       2.268555    
  0.7022007       1.521796       2.268706    
  0.7042223       1.521197       2.268847    
  0.7066013       1.520555       2.268977    
  0.7093201       1.519871       2.269097    
  0.7123581       1.519150       2.269206    
  0.7156914       1.518392       2.269302    
  0.7192939       1.517603       2.269386    
  0.7231365       1.516784       2.269456    
  0.7271881       1.515939       2.269513    
  0.7314155       1.515073       2.269555    
  0.7357842       1.514188       2.269583    
  0.7402582       1.513289       2.269594    
  0.7448006       1.512379       2.269590    
  0.7493740       1.511463       2.269568    
  0.7539408       1.510544       2.269530    
  0.7584633       1.509627       2.269473    
  0.7629047       1.508716       2.269398    
  0.7672288       1.507813       2.269305    
  0.7714007       1.506924       2.269192    
  0.7753870       1.506051       2.269059    
  0.7791564       1.505199       2.268907    
  0.7826795       1.504370       2.268734    
  0.7859294       1.503568       2.268540    
  0.7888820       1.502796       2.268325    
  0.7915161       1.502056       2.268090    
  0.7938136       1.501350       2.267832    
  0.7957598       1.500682       2.267554    
  0.7973433       1.500052       2.267253    
  0.7985561       1.499463       2.266932    
  0.7993943       1.498915       2.266589    
  0.7998572       1.498410       2.266224    
  0.7999478       1.497949       2.265838    
  0.7996727       1.497531       2.265431    
  0.7990422       1.497157       2.265003    
  0.7980696       1.496827       2.264555    
  0.7967718       1.496540       2.264086    
  0.7951685       1.496295       2.263598    
  0.7932824       1.496092       2.263090    
  0.7911388       1.495929       2.262564    
  0.7887653       1.495804       2.262019    
  0.7861917       1.495717       2.261457    
  0.7834494       1.495665       2.260877    
  0.7805714       1.495646       2.260282    
  0.7775916       1.495658       2.259670    
  0.7745449       1.495699       2.259044    
  0.7714663       1.495766       2.258404    
  0.7683911       1.495857       2.257751    
  0.7653542       1.495970       2.257085    
  0.7623898       1.496101       2.256408    
  0.7595311       1.496250       2.255721    
  0.7568099       1.496413       2.255024    
  0.7542564       1.496587       2.254318    
  0.7518988       1.496771       2.253605    
  0.7497630       1.496962       2.252886    
  0.7478723       1.497159       2.252161    
  0.7462474       1.497360       2.251431    
  0.7449058       1.497562       2.250698    
  0.7438620       1.497765       2.249963    
  0.7431273       1.497966       2.249226    
  0.7427095       1.498165       2.248489    
  0.7426126       1.498361       2.247753    
  0.7428375       1.498553       2.247019    
  0.7433815       1.498740       2.246287    
  0.7442381       1.498923       2.245559    
  0.7453977       1.499100       2.244836    
  0.7468471       1.499272       2.244119    
  0.7485700       1.499440       2.243409    
  0.7505472       1.499603       2.242707    
  0.7527563       1.499762       2.242013    
  0.7551727       1.499918       2.241330    
  0.7577690       1.500073       2.240657    
  0.7605162       1.500226       2.239996    
  0.7633830       1.500379       2.239348    
  0.7663369       1.500533       2.238713    
  0.7693443       1.500690       2.238093    
  0.7723707       1.500850       2.237488    
  0.7753811       1.501016       2.236899    
  0.7783405       1.501188       2.236327    
  0.7812142       1.501368       2.235773    
  0.7839681       1.501557       2.235237    
  0.7865689       1.501755       2.234721    
  0.7889850       1.501965       2.234226    
  0.7911859       1.502187       2.233751    
  0.7931435       1.502422       2.233298    
  0.7948317       1.502670       2.232867    
  0.7962270       1.502933       2.232460    
  0.7973088       1.503209       2.232076    
  0.7980592       1.503500       2.231716    
  0.7984636       1.503806       2.231382    
  0.7985107       1.504125       2.231073    
  0.7981927       1.504458       2.230790    
  0.7975053       1.504803       2.230535    
  0.7964478       1.505160       2.230306    
  0.7950229       1.505527       2.230106    
  0.7932372       1.505903       2.229934    
  0.7911007       1.506287       2.229790    
  0.7886269       1.506675       2.229676    
  0.7858325       1.507067       2.229592    
  0.7827374       1.507459       2.229537    
  0.7793645       1.507850       2.229513    
  0.7757396       1.508237       2.229519    
  0.7718907       1.508616       2.229556    
  0.7678484       1.508986       2.229624    
  0.7636449       1.509343       2.229722    
  0.7593144       1.509684       2.229853    
  0.7548921       1.510007       2.230014    
  0.7504143       1.510307       2.230207    
  0.7459178       1.510583       2.230431    
  0.7414399       1.510830       2.230685    
  0.7370176       1.511047       2.230971    
  0.7326874       1.511229       2.231288    
  0.7284851       1.511375       2.231635    
  0.7244453       1.511482       2.232012    
  0.7206010       1.511547       2.232419    
  0.7169834       1.511569       2.232854    
  0.7136216       1.511544       2.233319    
  0.7105423       1.511472       2.233812    
  0.7077695       1.511351       2.234332    
  0.7053242       1.511179       2.234878    
  0.7032245       1.510956       2.235451    
  0.7014849       1.510681       2.236049    
  0.7001168       1.510353       2.236670    
  0.6991277       1.509973       2.237315    
  0.6985220       1.509540       2.237983    
  0.6982999       1.509056       2.238671    
  0.6984583       1.508521       2.239378    
  0.6989905       1.507936       2.240105    
  0.6998860       1.507304       2.240849    
  0.7011312       1.506625       2.241609    
  0.7027090       1.505902       2.242383    
  0.7045993       1.505137       2.243171    
  0.7067789       1.504333       2.243971    
  0.7092221       1.503493       2.244781    
  0.7119008       1.502620       2.245599    
  0.7147847       1.501716       2.246425    
  0.7178416       1.500787       2.247256    
  0.7210379       1.499834       2.248091    
  0.7243387       1.498863       2.248929    
  0.7277085       1.497876       2.249767    
  0.7311110       1.496877       2.250604    
  0.7345101       1.495871       2.251438    
  0.7378699       1.494862       2.252268    
  0.7411548       1.493853       2.253092    
  0.7443305       1.492847       2.253908    
  0.7473640       1.491850       2.254715    
  0.7502237       1.490864       2.255511    
  0.7528801       1.489894       2.256294    
  0.7553059       1.488941       2.257063    
  0.7574763       1.488011       2.257817    
  0.7593693       1.487104       2.258553    
  0.7609657       1.486225       2.259270    
  0.7622497       1.485377       2.259967    
  0.7632086       1.484560       2.260643    
  0.7638333       1.483778       2.261295    
  0.7641181       1.483031       2.261923    
  0.7640608       1.482322       2.262526    
  0.7636630       1.481652       2.263102    
  0.7629297       1.481022       2.263650    
  0.7618695       1.480432       2.264169    
  0.7604944       1.479883       2.264659    
  0.7588196       1.479375       2.265117    
  0.7568636       1.478908       2.265543    
  0.7546477       1.478481       2.265937    
  0.7521960       1.478094       2.266298    
  0.7495351       1.477746       2.266624    
  0.7466938       1.477436       2.266916    
  0.7437028       1.477162       2.267173    
  0.7405944       1.476924       2.267393    
  0.7374021       1.476720       2.267578    
  0.7341607       1.476549       2.267726    
  0.7309050       1.476407       2.267837    
  0.7276705       1.476295       2.267911    
  0.7244924       1.476209       2.267948    
  0.7214054       1.476148       2.267948    
  0.7184435       1.476111       2.267910    
  0.7156392       1.476095       2.267835    
  0.7130239       1.476098       2.267722    
  0.7106268       1.476119       2.267573    
  0.7084753       1.476157       2.267386    
  0.7065940       1.476209       2.267163    
  0.7050053       1.476274       2.266904    
  0.7037283       1.476351       2.266608    
  0.7027793       1.476440       2.266278    
  0.7021712       1.476538       2.265912    
  0.7019135       1.476646       2.265511    
  0.7020124       1.476763       2.265076    
  0.7024704       1.476888       2.264608    
  0.7032864       1.477021       2.264108    
  0.7044559       1.477163       2.263575    
  0.7059705       1.477313       2.263011    
  0.7078189       1.477472       2.262417    
  0.7099860       1.477641       2.261793    
  0.7124537       1.477819       2.261140    
  0.7152008       1.478009       2.260460    
  0.7182035       1.478212       2.259752    
  0.7214353       1.478427       2.259019    
  0.7248673       1.478658       2.258261    
  0.7284687       1.478904       2.257480    
  0.7322069       1.479168       2.256675    
  0.7360480       1.479451       2.255850    
  0.7399570       1.479755       2.255004    
  0.7438983       1.480081       2.254140    
  0.7478357       1.480431       2.253258    
  0.7517332       1.480806       2.252359    
  0.7555553       1.481207       2.251446    
  0.7592669       1.481636       2.250519    
  0.7628341       1.482094       2.249579    
  0.7662246       1.482583       2.248630    
  0.7694076       1.483102       2.247670    
  0.7723543       1.483654       2.246704    
  0.7750385       1.484238       2.245731    
  0.7774364       1.484854       2.244754    
  0.7795270       1.485504       2.243773    
  0.7812925       1.486186       2.242792    
  0.7827181       1.486900       2.241811    
  0.7837926       1.487646       2.240832    
  0.7845080       1.488424       2.239856    
  0.7848601       1.489231       2.238886    
  0.7848483       1.490066       2.237924    
  0.7844754       1.490928       2.236970    
  0.7837480       1.491815       2.236027    
  0.7826759       1.492724       2.235096    
  0.7812728       1.493654       2.234179    
  0.7795551       1.494601       2.233278    
  0.7775429       1.495563       2.232394    
  0.7752589       1.496537       2.231530    
  0.7727284       1.497520       2.230686    
  0.7699793       1.498508       2.229866    
  0.7670417       1.499498       2.229069    
  0.7639474       1.500486       2.228299    
  0.7607300       1.501468       2.227556    
  0.7574239       1.502441       2.226841    
  0.7540649       1.503402       2.226157    
  0.7506889       1.504346       2.225506    
  0.7473319       1.505269       2.224887    
  0.7440301       1.506169       2.224303    
  0.7408189       1.507041       2.223756    
  0.7377326       1.507882       2.223245    
  0.7348045       1.508689       2.222773    
  0.7320663       1.509458       2.222341    
  0.7295475       1.510187       2.221948    
  0.7272757       1.510873       2.221598    
  0.7252760       1.511514       2.221289    
  0.7235705       1.512106       2.221024    
  0.7221786       1.512649       2.220802    
  0.7211165       1.513140       2.220625    
  0.7203969       1.513578       2.220493    
  0.7200294       1.513962       2.220406    
  0.7200198       1.514292       2.220365    
  0.7203703       1.514566       2.220370    
  0.7210796       1.514785       2.220422    
  0.7221428       1.514949       2.220519    
  0.7235514       1.515058       2.220663    
  0.7252933       1.515113       2.220852    
  0.7273533       1.515116       2.221088    
  0.7297127       1.515068       2.221369    
  0.7323501       1.514970       2.221696    
  0.7352409       1.514825       2.222067    
  0.7383584       1.514634       2.222482    
  0.7416733       1.514401       2.222941    
  0.7451543       1.514127       2.223443    
  0.7487684       1.513816       2.223987    
  0.7524813       1.513471       2.224572    
  0.7562578       1.513095       2.225197    
  0.7600617       1.512690       2.225862    
  0.7638568       1.512261       2.226564    
  0.7676066       1.511810       2.227304    
  0.7712753       1.511342       2.228079    
  0.7748278       1.510859       2.228889    
  0.7782300       1.510365       2.229732    
  0.7814491       1.509862       2.230607    
  0.7844545       1.509355       2.231512    
  0.7872173       1.508847       2.232447    
  0.7897111       1.508339       2.233408    
  0.7919121       1.507836       2.234396    
  0.7937992       1.507339       2.235408    
  0.7953547       1.506852       2.236443    
  0.7965637       1.506375       2.237499    
  0.7974151       1.505913       2.238575    
  0.7979010       1.505465       2.239669    
  0.7980172       1.505034       2.240779    
  0.7977630       1.504621       2.241904    
  0.7971414       1.504227       2.243042    
  0.7961589       1.503853       2.244191    
  0.7948256       1.503500       2.245350    
  0.7931549       1.503167       2.246516    
  0.7911635       1.502855       2.247689    
  0.7888713       1.502564       2.248867    
  0.7863009       1.502293       2.250048    
  0.7834778       1.502043       2.251230    
  0.7804297       1.501811       2.252412    
  0.7771866       1.501598       2.253592    
  0.7737803       1.501402       2.254769    
  0.7702439       1.501222       2.255940    
  0.7666121       1.501057       2.257105    
  0.7629201       1.500906       2.258261    
  0.7592036       1.500767       2.259408    
  0.7554986       1.500638       2.260544    
  0.7518409       1.500518       2.261666    
  0.7482654       1.500407       2.262775    
  0.7448063       1.500302       2.263867    
  0.7414965       1.500201       2.264943    
  0.7383673       1.500105       2.266000    
  0.7354480       1.500011       2.267037    
  0.7327657       1.499919       2.268053    
  0.7303452       1.499827       2.269046    
  0.7282082       1.499735       2.270015    
  0.7263739       1.499642       2.270960    
  0.7248580       1.499548       2.271877    
  0.7236731       1.499453       2.272767    
  0.7228284       1.499356       2.273628    
  0.7223294       1.499257       2.274460    
  0.7221784       1.499157       2.275260    
  0.7223738       1.499057       2.276028    
  0.7229106       1.498957       2.276763    
  0.7237803       1.498857       2.277464    
  0.7249709       1.498760       2.278129    
  0.7264672       1.498667       2.278759    
  0.7282509       1.498578       2.279352    
  0.7303006       1.498496       2.279908    
  0.7325924       1.498422       2.280425    
  0.7350998       1.498358       2.280903    
  0.7377940       1.498306       2.281341    
  0.7406445       1.498269       2.281739    
  0.7436190       1.498247       2.282097    
  0.7466840       1.498244       2.282413    
  0.7498050       1.498261       2.282687    
  0.7529470       1.498300       2.282920    
  0.7560748       1.498364       2.283110    
  0.7591533       1.498455       2.283258    
  0.7621477       1.498574       2.283363    
  0.7650243       1.498723       2.283426    
  0.7677504       1.498904       2.283446    
  0.7702950       1.499119       2.283424    
  0.7726288       1.499368       2.283359    
  0.7747245       1.499653       2.283252    
  0.7765576       1.499975       2.283104    
  0.7781058       1.500335       2.282914    
  0.7793500       1.500732       2.282683    
  0.7802743       1.501167       2.282411    
  0.7808656       1.501639       2.282100    
  0.7811146       1.502150       2.281750    
  0.7810155       1.502696       2.281361    
  0.7805657       1.503279       2.280935    
  0.7797665       1.503896       2.280472    
  0.7786227       1.504545       2.279974    
  0.7771428       1.505226       2.279441    
  0.7753384       1.505936       2.278874    
  0.7732248       1.506672       2.278275    
  0.7708204       1.507432       2.277644    
  0.7681467       1.508213       2.276984    
  0.7652278       1.509012       2.276295    
  0.7620906       1.509826       2.275579    
  0.7587644       1.510651       2.274837    
  0.7552803       1.511484       2.274071    
  0.7516713       1.512321       2.273282    
  0.7479718       1.513159       2.272471    
  0.7442172       1.513992       2.271641    
  0.7404436       1.514818       2.270792    
  0.7366878       1.515632       2.269926    
  0.7329861       1.516431       2.269045    
  0.7293748       1.517211       2.268151    
  0.7258893       1.517968       2.267245    
  0.7225642       1.518698       2.266328    
  0.7194322       1.519397       2.265403    
  0.7165249       1.520063       2.264471    
  0.7138713       1.520692       2.263533    
  0.7114984       1.521281       2.262591    
  0.7094305       1.521827       2.261646    
  0.7076890       1.522327       2.260701    
  0.7062925       1.522780       2.259756    
  0.7052559       1.523183       2.258814    
  0.7045911       1.523534       2.257874    
  0.7043064       1.523833       2.256940    
  0.7044065       1.524077       2.256012    
  0.7048923       1.524267       2.255092    
  0.7057614       1.524401       2.254180    
  0.7070073       1.524480       2.253278    
  0.7086204       1.524503       2.252388    
  0.7105874       1.524470       2.251510    
  0.7128915       1.524384       2.250645    
  0.7155131       1.524244       2.249795    
  0.7184293       1.524053       2.248960    
  0.7216147       1.523810       2.248142    
  0.7250410       1.523519       2.247340    
  0.7286781       1.523181       2.246557    
  0.7324937       1.522799       2.245793    
  0.7364539       1.522375       2.245048    
  0.7405236       1.521911       2.244323    
  0.7446666       1.521410       2.243619    
  0.7488464       1.520875       2.242937    
  0.7530259       1.520308       2.242276    
  0.7571685       1.519714       2.241638    
  0.7612377       1.519094       2.241022    
  0.7651981       1.518451       2.240430    
  0.7690154       1.517789       2.239861    
  0.7726569       1.517111       2.239316    
  0.7760916       1.516418       2.238795    
  0.7792908       1.515715       2.238298    
  0.7822281       1.515002       2.237826    
  0.7848799       1.514284       2.237379    
  0.7872252       1.513561       2.236956    
  0.7892466       1.512837       2.236557    
  0.7909294       1.512113       2.236184    
  0.7922626       1.511391       2.235836    
  0.7932388       1.510672       2.235512    
  0.7938539       1.509958       2.235214    
  0.7941075       1.509249       2.234939    
  0.7940028       1.508547       2.234690    
  0.7935466       1.507853       2.234465    
  0.7927490       1.507166       2.234264    
  0.7916237       1.506487       2.234088    
  0.7901871       1.505817       2.233935    
  0.7884592       1.505154       2.233806    
  0.7864626       1.504498       2.233701    
  0.7842223       1.503850       2.233619    
  0.7817658       1.503208       2.233559    
  0.7791227       1.502572       2.233523    
  0.7763241       1.501940       2.233508    
  0.7734027       1.501312       2.233516    
  0.7703921       1.500687       2.233544    
  0.7673268       1.500063       2.233594    
  0.7642416       1.499440       2.233665    
  0.7611712       1.498816       2.233755    
  0.7581500       1.498191       2.233865    
  0.7552118       1.497563       2.233994    
  0.7523893       1.496931       2.234141    
  0.7497138       1.496295       2.234307    
  0.7472149       1.495653       2.234489    
  0.7449201       1.495005       2.234689    
  0.7428548       1.494351       2.234904    
  0.7410417       1.493689       2.235135    
  0.7395008       1.493021       2.235380    
  0.7382490       1.492346       2.235640    
  0.7373002       1.491664       2.235912    
  0.7366648       1.490975       2.236197    
  0.7363499       1.490281       2.236494    
  0.7363591       1.489582       2.236801    
  0.7366924       1.488879       2.237118    
  0.7373464       1.488173       2.237445    
  0.7383140       1.487467       2.237780    
  0.7395847       1.486761       2.238122    
  0.7411448       1.486058       2.238471    
  0.7429772       1.485359       2.238825    
  0.7450619       1.484668       2.239184    
  0.7473761       1.483985       2.239548    
  0.7498943       1.483315       2.239914    
  0.7525887       1.482658       2.240283    
  0.7554293       1.482019       2.240652    
  0.7583844       1.481400       2.241023    
  0.7614210       1.480804       2.241392    
  0.7645048       1.480234       2.241761    
  0.7676007       1.479692       2.242127    
  0.7706733       1.479182       2.242491    
  0.7736871       1.478706       2.242851    
  0.7766069       1.478267       2.243207    
  0.7793979       1.477868       2.243557    
  0.7820268       1.477510       2.243902    
  0.7844612       1.477197       2.244240    
  0.7866706       1.476931       2.244572    
  0.7886265       1.476713       2.244895    
  0.7903025       1.476544       2.245211    
  0.7916749       1.476428       2.245517    
  0.7927228       1.476364       2.245815    
  0.7934281       1.476354       2.246103    
  0.7937763       1.476399       2.246381    
  0.7937559       1.476498       2.246649    
  0.7933590       1.476652       2.246907    
  0.7925813       1.476860       2.247154    
  0.7914222       1.477122       2.247389    
  0.7898845       1.477437       2.247614    
  0.7879749       1.477803       2.247828    
  0.7857035       1.478220       2.248030    
  0.7830840       1.478685       2.248221    
  0.7801334       1.479197       2.248402    
  0.7768719       1.479752       2.248571    
  0.7733226       1.480349       2.248729    
  0.7695118       1.480984       2.248877    
  0.7654678       1.481655       2.249014    
  0.7612215       1.482357       2.249141    
  0.7568059       1.483088       2.249257    
  0.7522554       1.483844       2.249365    
  0.7476059       1.484621       2.249463    
  0.7428942       1.485416       2.249552    
  0.7381579       1.486224       2.249632    
  0.7334346       1.487042       2.249704    
  0.7287621       1.487866       2.249769    
  0.7241778       1.488691       2.249826    
  0.7197179       1.489514       2.249876    
  0.7154179       1.490331       2.249920    
  0.7113115       1.491138       2.249958    
  0.7074307       1.491933       2.249990    
  0.7038056       1.492711       2.250018    
  0.7004635       1.493469       2.250041    
  0.6974292       1.494204       2.250060    
  0.6947248       1.494914       2.250075    
  0.6923690       1.495595       2.250087    
  0.6903774       1.496246       2.250096    
  0.6887621       1.496864       2.250102    
  0.6875317       1.497448       2.250107    
  0.6866912       1.497996       2.250109    
  0.6862419       1.498507       2.250110    
  0.6861817       1.498980       2.250111    
  0.6865045       1.499415       2.250110    
  0.6872010       1.499810       2.250109    
  0.6882582       1.500167       2.250108    
  0.6896601       1.500484       2.250107    
  0.6913873       1.500764       2.250106    
  0.6934175       1.501005       2.250105    
  0.6957260       1.501211       2.250105    
  0.6982853       1.501380       2.250105    
  0.7010660       1.501516       2.250106    
  0.7040365       1.501619       2.250108    
  0.7071642       1.501692       2.250111    
  0.7104148       1.501735       2.250115    
  0.7137535       1.501752       2.250120    
  0.7171447       1.501744       2.250125    
  0.7205529       1.501714       2.250132    
  0.7239427       1.501662       2.250139    
  0.7272793       1.501593       2.250148    
  0.7305288       1.501507       2.250157    
  0.7336587       1.501408       2.250167    
  0.7366378       1.501296       2.250177    
  0.7394370       1.501175       2.250189    
  0.7420294       1.501046       2.250200    
  0.7443905       1.500911       2.250212    
  0.7464986       1.500771       2.250225    
  0.7483348       1.500628       2.250237    
  0.7498832       1.500484       2.250250    
  0.7511315       1.500339       2.250263    
  0.7520705       1.500195       2.250275    
  0.7526946       1.500052       2.250288    
  0.7530016       1.499910       2.250300    
  0.7529928       1.499771       2.250311    
  0.7526733       1.499635       2.250322    
  0.7520514       1.499501       2.250333    
  0.7511387       1.499369       2.250342    
  0.7499504       1.499238       2.250351    
  0.7485044       1.499109       2.250359    
  0.7468216       1.498981       2.250366    
  0.7449258       1.498851       2.250372    
  0.7428429       1.498721       2.250376    
  0.7406012       1.498588       2.250380    
  0.7382306       1.498451       2.250381    
  0.7357630       1.498309       2.250382    
  0.7332310       1.498160       2.250381    
  0.7306685       1.498003       2.250378    
  0.7281097       1.497837       2.250374    
  0.7255890       1.497660       2.250368    
  0.7231408       1.497472       2.250360    
  0.7207989       1.497269       2.250350    
  0.7185960       1.497052       2.250338    
  0.7165638       1.496820       2.250323    
  0.7147325       1.496570       2.250306    
  0.7131301       1.496303       2.250287    
  0.7117828       1.496018       2.250265    
  0.7107142       1.495714       2.250240    
  0.7099452       1.495391       2.250212    
  0.7094938       1.495048       2.250181    
  0.7093748       1.494687       2.250147    
  0.7096000       1.494307       2.250109    
  0.7101775       1.493909       2.250067    
  0.7111120       1.493493       2.250022    
  0.7124047       1.493061       2.249972    
  0.7140530       1.492615       2.249918    
  0.7160511       1.492154       2.249860    
  0.7183893       1.491683       2.249797    
  0.7210546       1.491202       2.249729    
  0.7240306       1.490713       2.249656    
  0.7272977       1.490220       2.249578    
  0.7308335       1.489725       2.249493    
  0.7346126       1.489229       2.249403    
  0.7386070       1.488738       2.249308    
  0.7427865       1.488253       2.249206    
  0.7471189       1.487777       2.249097    
  0.7515703       1.487314       2.248982    
  0.7561054       1.486868       2.248861    
  0.7606879       1.486441       2.248732    
  0.7652807       1.486037       2.248597    
  0.7698466       1.485659       2.248455    
  0.7743483       1.485310       2.248306    
  0.7787489       1.484994       2.248149    
  0.7830123       1.484714       2.247986    
  0.7871036       1.484472       2.247815    
  0.7909891       1.484271       2.247638    
  0.7946371       1.484114       2.247454    
  0.7980179       1.484004       2.247263    
  0.8011042       1.483942       2.247065    
  0.8038714       1.483930       2.246861    
  0.8062976       1.483969       2.246651    
  0.8083642       1.484062       2.246435    
  0.8100557       1.484210       2.246213    
  0.8113601       1.484412       2.245986    
  0.8122690       1.484670       2.245755    
  0.8127776       1.484983       2.245519    
  0.8128846       1.485351       2.245280    
  0.8125925       1.485775       2.245037    
  0.8119075       1.486252       2.244791    
  0.8108393       1.486781       2.244544    
  0.8094010       1.487363       2.244295    
  0.8076093       1.487993       2.244045    
  0.8054838       1.488671       2.243795    
  0.8030472       1.489394       2.243546    
  0.8003251       1.490159       2.243298    
  0.7973453       1.490964       2.243053    
  0.7941382       1.491805       2.242810    
  0.7907358       1.492680       2.242572    
  0.7871720       1.493585       2.242338    
  0.7834817       1.494516       2.242109    
  0.7797009       1.495471       2.241887    
  0.7758662       1.496444       2.241673    
  0.7720143       1.497433       2.241466    
  0.7681818       1.498434       2.241269    
  0.7644049       1.499442       2.241081    
  0.7607188       1.500454       2.240905    
  0.7571577       1.501467       2.240740    
  0.7537540       1.502477       2.240587    
  0.7505383       1.503480       2.240448    
  0.7475393       1.504473       2.240323    
  0.7447830       1.505453       2.240213    
  0.7422929       1.506417       2.240119    
  0.7400895       1.507362       2.240040    
  0.7381901       1.508285       2.239979    
  0.7366090       1.509183       2.239936    
  0.7353569       1.510056       2.239911    
  0.7344410       1.510901       2.239905    
  0.7338652       1.511715       2.239918    
  0.7336295       1.512499       2.239951    
  0.7337306       1.513251       2.240005    
  0.7341613       1.513969       2.240079    
  0.7349115       1.514654       2.240175    
  0.7359673       1.515305       2.240292    
  0.7373120       1.515922       2.240431    
  0.7389255       1.516505       2.240591    
  0.7407851       1.517054       2.240774    
  0.7428658       1.517571       2.240979    
  0.7451400       1.518056       2.241206    
  0.7475781       1.518509       2.241456    
  0.7501490       1.518932       2.241728    
  0.7528201       1.519327       2.242022    
  0.7555579       1.519694       2.242338    
  0.7583280       1.520035       2.242676    
  0.7610959       1.520352       2.243035    
  0.7638271       1.520646       2.243416    
  0.7664872       1.520918       2.243818    
  0.7690430       1.521171       2.244241    
  0.7714621       1.521406       2.244685    
  0.7737135       1.521624       2.245148    
  0.7757680       1.521827       2.245631    
  0.7775985       1.522016       2.246133    
  0.7791802       1.522192       2.246654    
  0.7804908       1.522357       2.247193    
  0.7815109       1.522511       2.247749    
  0.7822242       1.522655       2.248322    
  0.7826173       1.522790       2.248912    
  0.7826804       1.522917       2.249517    
  0.7824070       1.523035       2.250137    
  0.7817944       1.523144       2.250771    
  0.7808429       1.523245       2.251419    
  0.7795569       1.523337       2.252079    
  0.7779439       1.523420       2.252752    
  0.7760152       1.523493       2.253436    
  0.7737851       1.523555       2.254130    
  0.7712715       1.523605       2.254833    
  0.7684948       1.523641       2.255546    
  0.7654788       1.523663       2.256266    
  0.7622496       1.523670       2.256993    
  0.7588356       1.523658       2.257726    
  0.7552673       1.523628       2.258465    
  0.7515771       1.523576       2.259207    
  0.7477987       1.523502       2.259953    
  0.7439669       1.523404       2.260701    
  0.7401173       1.523279       2.261451    
  0.7362860       1.523126       2.262200    
  0.7325090       1.522943       2.262949    
  0.7288220       1.522728       2.263696    
  0.7252601       1.522481       2.264440    
  0.7218574       1.522199       2.265180    
  0.7186466       1.521881       2.265915    
  0.7156585       1.521525       2.266644    
  0.7129223       1.521132       2.267365    
  0.7104647       1.520700       2.268078    
  0.7083098       1.520229       2.268781    
  0.7064788       1.519718       2.269473    
  0.7049903       1.519168       2.270154    
  0.7038592       1.518577       2.270821    
  0.7030973       1.517948       2.271474    
  0.7027129       1.517280       2.272111    
  0.7027107       1.516575       2.272731    
  0.7030917       1.515834       2.273333    
  0.7038535       1.515058       2.273916    
  0.7049898       1.514250       2.274479    
  0.7064909       1.513410       2.275019    
  0.7083435       1.512542       2.275537    
  0.7105312       1.511649       2.276031    
  0.7130342       1.510733       2.276500    
  0.7158297       1.509796       2.276942    
  0.7188923       1.508843       2.277356    
  0.7221940       1.507876       2.277742    
  0.7257044       1.506899       2.278098    
  0.7293914       1.505916       2.278424    
  0.7332211       1.504931       2.278717    
  0.7371582       1.503947       2.278978    
  0.7411666       1.502967       2.279205    
  0.7452096       1.501997       2.279397    
  0.7492501       1.501040       2.279553    
  0.7532511       1.500100       2.279674    
  0.7571764       1.499179       2.279757    
  0.7609902       1.498284       2.279803    
  0.7646581       1.497415       2.279810    
  0.7681472       1.496578       2.279778    
  0.7714263       1.495775       2.279707    
  0.7744665       1.495010       2.279597    
  0.7772413       1.494284       2.279446    
  0.7797267       1.493601       2.279254    
  0.7819018       1.492963       2.279022    
  0.7837486       1.492372       2.278750    
  0.7852527       1.491830       2.278437    
  0.7864028       1.491338       2.278083    
  0.7871912       1.490896       2.277688    
  0.7876139       1.490507       2.277253    
  0.7876704       1.490171       2.276778    
  0.7873639       1.489887       2.276264    
  0.7867012       1.489655       2.275710    
  0.7856925       1.489476       2.275118    
  0.7843515       1.489348       2.274487    
  0.7826951       1.489270       2.273820    
  0.7807432       1.489241       2.273116    
  0.7785188       1.489259       2.272376    
  0.7760474       1.489322       2.271602    
  0.7733569       1.489428       2.270794    
  0.7704772       1.489576       2.269953    
  0.7674402       1.489761       2.269081    
  0.7642791       1.489983       2.268178    
  0.7610284       1.490237       2.267247    
  0.7577232       1.490521       2.266288    
  0.7543991       1.490832       2.265302    
  0.7510919       1.491167       2.264292    
  0.7478369       1.491522       2.263258    
  0.7446689       1.491895       2.262203    
  0.7416217       1.492283       2.261127    
  0.7387276       1.492681       2.260032    
  0.7360176       1.493088       2.258920    
  0.7335203       1.493501       2.257793    
  0.7312624       1.493916       2.256652    
  0.7292678       1.494331       2.255499    
  0.7275579       1.494744       2.254335    
  0.7261509       1.495152       2.253163    
  0.7250619       1.495553       2.251984    
  0.7243028       1.495945       2.250799    
  0.7238818       1.496327       2.249611    
  0.7238041       1.496697       2.248421    
  0.7240707       1.497053       2.247231    
  0.7246794       1.497395       2.246043    
  0.7256244       1.497722       2.244858    
  0.7268965       1.498033       2.243678    
  0.7284828       1.498329       2.242505    
  0.7303674       1.498608       2.241340    
  0.7325313       1.498871       2.240185    
  0.7349525       1.499118       2.239041    
  0.7376062       1.499351       2.237911    
  0.7404654       1.499569       2.236795    
  0.7435008       1.499773       2.235696    
  0.7466811       1.499964       2.234614    
  0.7499737       1.500144       2.233552    
  0.7533447       1.500313       2.232510    
  0.7567590       1.500473       2.231490    
  0.7601815       1.500625       2.230494    
  0.7635766       1.500770       2.229522    
  0.7669089       1.500910       2.228577    
  0.7701435       1.501046       2.227659    
  0.7732465       1.501179       2.226769    
  0.7761853       1.501311       2.225909    
  0.7789286       1.501443       2.225081    
  0.7814472       1.501575       2.224284    
  0.7837139       1.501709       2.223521    
  0.7857043       1.501846       2.222791    
  0.7873962       1.501985       2.222097    
  0.7887707       1.502128       2.221439    
  0.7898120       1.502275       2.220818    
  0.7905073       1.502425       2.220235    
  0.7908474       1.502580       2.219690    
  0.7908266       1.502737       2.219185    
  0.7904428       1.502898       2.218721    
  0.7896975       1.503061       2.218297    
  0.7885956       1.503224       2.217915    
  0.7871456       1.503389       2.217575    
  0.7853597       1.503551       2.217278    
  0.7832531       1.503711       2.217023    
  0.7808443       1.503867       2.216813    
  0.7781550       1.504017       2.216646    
  0.7752093       1.504158       2.216523    
  0.7720342       1.504288       2.216445    
  0.7686588       1.504407       2.216412    
  0.7651143       1.504510       2.216424    
  0.7614335       1.504596       2.216480    
  0.7576505       1.504663       2.216580    
  0.7538006       1.504708       2.216726    
  0.7499197       1.504729       2.216916    
  0.7460440       1.504722       2.217151    
  0.7422096       1.504687       2.217429    
  0.7384523       1.504621       2.217752    
  0.7348071       1.504522       2.218117    
  0.7313079       1.504387       2.218525    
  0.7279871       1.504216       2.218975    
  0.7248754       1.504006       2.219467    
  0.7220014       1.503757       2.219999    
  0.7193913       1.503466       2.220572    
  0.7170687       1.503134       2.221183    
  0.7150545       1.502759       2.221832    
  0.7133663       1.502341       2.222518    
  0.7120185       1.501879       2.223240    
  0.7110224       1.501375       2.223997    
  0.7103854       1.500829       2.224787    
  0.7101116       1.500241       2.225609    
  0.7102013       1.499612       2.226462    
  0.7106515       1.498945       2.227344    
  0.7114553       1.498239       2.228253    
  0.7126024       1.497499       2.229189    
  0.7140791       1.496724       2.230149    
  0.7158684       1.495919       2.231132    
  0.7179503       1.495086       2.232136    
  0.7203017       1.494228       2.233159    
  0.7228969       1.493348       2.234200    
  0.7257079       1.492450       2.235256    
  0.7287045       1.491536       2.236326    
  0.7318546       1.490611       2.237408    
  0.7351245       1.489679       2.238500    
  0.7384795       1.488742       2.239599    
  0.7418840       1.487807       2.240705    
  0.7453019       1.486875       2.241814    
  0.7486970       1.485952       2.242926    
  0.7520332       1.485042       2.244038    
  0.7552753       1.484147       2.245147    
  0.7583888       1.483273       2.246253    
  0.7613404       1.482422       2.247354    
  0.7640989       1.481599       2.248446    
  0.7666345       1.480807       2.249529    
  0.7689199       1.480049       2.250600    
  0.7709302       1.479328       2.251659    
  0.7726435       1.478648       2.252702    
  0.7740406       1.478009       2.253729    
  0.7751055       1.477416       2.254737    
  0.7758256       1.476870       2.255725    
  0.7761918       1.476372       2.256691    
  0.7761984       1.475924       2.257635    
  0.7758435       1.475528       2.258553    
  0.7751286       1.475184       2.259446    
  0.7740589       1.474893       2.260311    
  0.7726431       1.474654       2.261148    
  0.7708936       1.474469       2.261955    
  0.7688258       1.474336       2.262731    
  0.7664586       1.474255       2.263475    
  0.7638136       1.474224       2.264187    
  0.7609153       1.474244       2.264864    
  0.7577910       1.474312       2.265507    
  0.7544700       1.474427       2.266114    
  0.7509836       1.474586       2.266685    
  0.7473648       1.474789       2.267219    
  0.7436481       1.475032       2.267716    
  0.7398686       1.475313       2.268175    
  0.7360626       1.475631       2.268596    
  0.7322664       1.475981       2.268978    
  0.7285160       1.476363       2.269322    
  0.7248474       1.476773       2.269627    
  0.7212957       1.477208       2.269893    
  0.7178946       1.477666       2.270119    
  0.7146767       1.478145       2.270307    
  0.7116727       1.478642       2.270455    
  0.7089110       1.479154       2.270565    
  0.7064180       1.479679       2.270635    
  0.7042171       1.480216       2.270668    
  0.7023292       1.480761       2.270662    
  0.7007717       1.481314       2.270618    
  0.6995593       1.481872       2.270536    
  0.6987028       1.482434       2.270418    
  0.6982099       1.482998       2.270263    
  0.6980845       1.483564       2.270073    
  0.6983271       1.484131       2.269846    
  0.6989345       1.484697       2.269586    
  0.6998999       1.485263       2.269291    
  0.7012131       1.485828       2.268962    
  0.7028606       1.486392       2.268601    
  0.7048254       1.486956       2.268209    
  0.7070877       1.487518       2.267785    
  0.7096248       1.488081       2.267331    
  0.7124112       1.488644       2.266849    
  0.7154191       1.489208       2.266338    
  0.7186188       1.489774       2.265800    
  0.7219785       1.490343       2.265235    
  0.7254651       1.490916       2.264646    
  0.7290445       1.491495       2.264033    
  0.7326815       1.492079       2.263397    
  0.7363407       1.492671       2.262739    
  0.7399865       1.493272       2.262060    
  0.7435836       1.493883       2.261363    
  0.7470975       1.494504       2.260647    
  0.7504944       1.495137       2.259915    
  0.7537420       1.495782       2.259167    
  0.7568097       1.496441       2.258405    
  0.7596688       1.497114       2.257630    
  0.7622927       1.497801       2.256844    
  0.7646575       1.498503       2.256048    
  0.7667420       1.499220       2.255243    
  0.7685279       1.499952       2.254432    
  0.7700003       1.500698       2.253615    
  0.7711472       1.501458       2.252793    
  0.7719604       1.502231       2.251970    
  0.7724349       1.503017       2.251145    
  0.7725696       1.503813       2.250320    
  0.7723666       1.504619       2.249498    
  0.7718318       1.505434       2.248679    
  0.7709744       1.506254       2.247865    
  0.7698072       1.507078       2.247057    
  0.7683461       1.507904       2.246258    
  0.7666101       1.508729       2.245469    
  0.7646213       1.509551       2.244690    
  0.7624043       1.510366       2.243924    
  0.7599862       1.511173       2.243173    
  0.7573962       1.511968       2.242436    
  0.7546654       1.512748       2.241717    
  0.7518265       1.513510       2.241016    
  0.7489135       1.514250       2.240335    
  0.7459612       1.514966       2.239674    
  0.7430048       1.515654       2.239036    
  0.7400799       1.516311       2.238422    
  0.7372217       1.516935       2.237832    
  0.7344651       1.517521       2.237268    
  0.7318438       1.518068       2.236731    
  0.7293904       1.518573       2.236221    
  0.7271361       1.519033       2.235741    
  0.7251100       1.519446       2.235290    
  0.7233390       1.519810       2.234870    
  0.7218477       1.520123       2.234481    
  0.7206577       1.520383       2.234124    
  0.7197880       1.520590       2.233800    
  0.7192541       1.520741       2.233509    
  0.7190686       1.520838       2.233252    
  0.7192404       1.520878       2.233028    
  0.7197748       1.520863       2.232839    
  0.7206736       1.520791       2.232684    
  0.7219352       1.520665       2.232564    
  0.7235539       1.520484       2.232478    
  0.7255209       1.520249       2.232428    
  0.7278237       1.519964       2.232412    
  0.7304463       1.519628       2.232430    
  0.7333698       1.519244       2.232483    
  0.7365720       1.518816       2.232570    
  0.7400278       1.518344       2.232690    
  0.7437097       1.517832       2.232843    
  0.7475880       1.517283       2.233029    
  0.7516305       1.516700       2.233247    
  0.7558038       1.516087       2.233497    
  0.7600726       1.515447       2.233777    
  0.7644010       1.514784       2.234087    
  0.7687520       1.514102       2.234426    
  0.7730884       1.513404       2.234793    
  0.7773731       1.512694       2.235188    
  0.7815692       1.511976       2.235610    
  0.7856408       1.511254       2.236056    
  0.7895526       1.510531       2.236528    
  0.7932712       1.509811       2.237022    
  0.7967648       1.509098       2.237540    
  0.8000035       1.508396       2.238078    
  0.8029598       1.507706       2.238636    
  0.8056090       1.507033       2.239214    
  0.8079290       1.506379       2.239809    
  0.8099011       1.505748       2.240422    
  0.8115094       1.505140       2.241049    
  0.8127416       1.504559       2.241691    
